# Oscilloscope file ./20160704_104434.bin
# Channel 1
Time / s;Voltage / V
0;0
0.5;0
1;0
1.5;0
2;-0.04
2.5;0
3;0
3.5;0
4;-0.04
4.5;-0.04
5;0
5.5;0
6;-0.04
6.5;-0.04
7;0
7.5;0
8;-0.04
8.5;0
9;-0.04
9.5;0
10;-0.04
10.5;0
11;0
11.5;0
12;0
12.5;0
13;0
13.5;0.04
14;-0.04
14.5;0
15;0
15.5;0.04
16;0
16.5;0
17;0
17.5;0
18;-0.04
18.5;0
19;-0.04
19.5;0.04
20;-0.04
20.5;0
21;0
21.5;0
22;0
22.5;0
23;0
23.5;0
24;-0.04
24.5;0
25;0
25.5;0
26;-0.04
26.5;0
27;0
27.5;0
28;-0.04
28.5;-0.04
29;0
29.5;0
30;-0.04
30.5;0
31;0
31.5;0.04
32;-0.04
32.5;0
33;0
33.5;0
34;-0.04
34.5;-0.04
35;0
35.5;0
36;-0.04
36.5;0
37;0
37.5;0
38;0
38.5;0
39;0
39.5;0
40;0
40.5;0
41;0
41.5;0
42;-0.04
42.5;0
43;0
43.5;0
44;-0.04
44.5;-0.04
45;0
45.5;0.04
46;0
46.5;0
47;0
47.5;0
48;-0.04
48.5;0
49;0
49.5;0
50;-0.04
50.5;0
51;0
51.5;0
52;-0.04
52.5;-0.04
53;0
53.5;0
54;-0.04
54.5;0
55;0
55.5;0
56;-0.04
56.5;0
57;0
57.5;0
58;-0.04
58.5;0
59;0
59.5;0
60;-0.04
60.5;0
61;0
61.5;0
62;-0.04
62.5;-0.04
63;0
63.5;0
64;0
64.5;0
65;0
65.5;0
66;-0.04
66.5;0
67;0
67.5;0
68;0
68.5;0
69;-0.04
69.5;0
70;-0.04
70.5;0
71;0
71.5;0.04
72;-0.04
72.5;-0.04
73;0
73.5;0
74;-0.04
74.5;0
75;0
75.5;0
76;0
76.5;0
77;0
77.5;0
78;0
78.5;0
79;0
79.5;0.04
80;0
80.5;0.04
81;0.04
81.5;0.04
82;0
82.5;0.04
83;0.04
83.5;0.08
84;0.04
84.5;0.08
85;0.04
85.5;0.08
86;0.04
86.5;0.04
87;0.08
87.5;0.08
88;0.04
88.5;0.08
89;0.08
89.5;0.12
90;0.08
90.5;0.12
91;0.12
91.5;0.12
92;0.08
92.5;0.12
93;0.12
93.5;0.16
94;0.12
94.5;0.12
95;0.12
95.5;0.16
96;0.12
96.5;0.12
97;0.12
97.5;0.16
98;0.12
98.5;0.16
99;0.16
99.5;0.2
100;0.12
100.5;0.2
101;0.16
101.5;0.2
102;0.16
102.5;0.2
103;0.2
103.5;0.2
104;0.16
104.5;0.2
105;0.2
105.5;0.24
106;0.2
106.5;0.24
107;0.24
107.5;0.24
108;0.2
108.5;0.2
109;0.24
109.5;0.24
110;0.24
110.5;0.24
111;0.24
111.5;0.28
112;0.24
112.5;0.28
113;0.24
113.5;0.28
114;0.24
114.5;0.28
115;0.28
115.5;0.32
116;0.28
116.5;0.28
117;0.28
117.5;0.32
118;0.28
118.5;0.32
119;0.32
119.5;0.32
120;0.28
120.5;0.32
121;0.32
121.5;0.32
122;0.32
122.5;0.32
123;0.32
123.5;0.36
124;0.32
124.5;0.36
125;0.36
125.5;0.36
126;0.36
126.5;0.36
127;0.4
127.5;0.4
128;0.36
128.5;0.36
129;0.4
129.5;0.4
130;0.36
130.5;0.4
131;0.4
131.5;0.44
132;0.4
132.5;0.4
133;0.4
133.5;0.44
134;0.4
134.5;0.4
135;0.44
135.5;0.48
136;0.4
136.5;0.44
137;0.44
137.5;0.48
138;0.4
138.5;0.44
139;0.48
139.5;0.48
140;0.44
140.5;0.48
141;0.44
141.5;0.48
142;0.44
142.5;0.48
143;0.48
143.5;0.52
144;0.48
144.5;0.52
145;0.48
145.5;0.52
146;0.48
146.5;0.52
147;0.52
147.5;0.52
148;0.52
148.5;0.52
149;0.56
149.5;0.56
150;0.52
150.5;0.52
151;0.52
151.5;0.56
152;0.52
152.5;0.56
153;0.56
153.5;0.56
154;0.56
154.5;0.56
155;0.56
155.5;0.6
156;0.56
156.5;0.6
157;0.6
157.5;0.6
158;0.6
158.5;0.6
159;0.6
159.5;0.64
160;0.6
160.5;0.64
161;0.6
161.5;0.64
162;0.6
162.5;0.64
163;0.6
163.5;0.64
164;0.6
164.5;0.64
165;0.64
165.5;0.64
166;0.64
166.5;0.64
167;0.64
167.5;0.68
168;0.64
168.5;0.68
169;0.64
169.5;0.68
170;0.64
170.5;0.68
171;0.68
171.5;0.72
172;0.68
172.5;0.72
173;0.68
173.5;0.72
174;0.68
174.5;0.72
175;0.68
175.5;0.72
176;0.68
176.5;0.72
177;0.72
177.5;0.76
178;0.72
178.5;0.76
179;0.76
179.5;0.76
180;0.72
180.5;0.72
181;0.76
181.5;0.8
182;0.76
182.5;0.76
183;0.76
183.5;0.8
184;0.76
184.5;0.8
185;0.8
185.5;0.8
186;0.8
186.5;0.8
187;0.84
187.5;0.84
188;0.8
188.5;0.8
189;0.8
189.5;0.84
190;0.8
190.5;0.84
191;0.8
191.5;0.84
192;0.8
192.5;0.84
193;0.84
193.5;0.88
194;0.84
194.5;0.84
195;0.88
195.5;0.88
196;0.84
196.5;0.88
197;0.88
197.5;0.88
198;0.88
198.5;0.88
199;0.92
199.5;0.92
200;0.88
200.5;0.88
201;0.92
201.5;0.92
202;0.88
202.5;0.92
203;0.92
203.5;0.96
204;0.92
204.5;0.92
205;0.92
205.5;0.96
206;0.92
206.5;0.96
207;0.92
207.5;0.96
208;0.92
208.5;0.96
209;0.96
209.5;0.96
210;0.92
210.5;0.96
211;0.96
211.5;1
212;0.96
212.5;1
213;1
213.5;1
214;0.96
214.5;1
215;1
215.5;1.04
216;1
216.5;1.04
217;1
217.5;1.04
218;1
218.5;1.04
219;1.04
219.5;1.04
220;1
220.5;1.04
221;1.04
221.5;1.08
222;1.04
222.5;1.04
223;1.08
223.5;1.08
224;1.04
224.5;1.08
225;1.04
225.5;1.12
226;1.04
226.5;1.08
227;1.08
227.5;1.12
228;1.08
228.5;1.12
229;1.12
229.5;1.12
230;1.08
230.5;1.12
231;1.08
231.5;1.16
232;1.08
232.5;1.12
233;1.12
233.5;1.16
234;1.12
234.5;1.16
235;1.16
235.5;1.16
236;1.16
236.5;1.16
237;1.16
237.5;1.2
238;1.12
238.5;1.16
239;1.16
239.5;1.2
240;1.16
240.5;1.2
241;1.16
241.5;1.2
242;1.16
242.5;1.2
243;1.2
243.5;1.24
244;1.2
244.5;1.2
245;1.2
245.5;1.24
246;1.2
246.5;1.24
247;1.24
247.5;1.24
248;1.2
248.5;1.24
249;1.28
249.5;1.28
250;1.24
250.5;1.24
251;1.28
251.5;1.28
252;1.24
252.5;1.28
253;1.24
253.5;1.28
254;1.24
254.5;1.28
255;1.28
255.5;1.32
256;1.28
256.5;1.28
257;1.32
257.5;1.32
258;1.32
258.5;1.32
259;1.32
259.5;1.36
260;1.32
260.5;1.32
261;1.36
261.5;1.36
262;1.32
262.5;1.32
263;1.36
263.5;1.36
264;1.36
264.5;1.36
265;1.36
265.5;1.4
266;1.36
266.5;1.4
267;1.36
267.5;1.4
268;1.36
268.5;1.4
269;1.4
269.5;1.4
270;1.4
270.5;1.4
271;1.4
271.5;1.44
272;1.4
272.5;1.44
273;1.44
273.5;1.44
274;1.4
274.5;1.44
275;1.44
275.5;1.48
276;1.44
276.5;1.44
277;1.48
277.5;1.48
278;1.44
278.5;1.48
279;1.48
279.5;1.48
280;1.44
280.5;1.48
281;1.48
281.5;1.48
282;1.48
282.5;1.48
283;1.48
283.5;1.52
284;1.48
284.5;1.48
285;1.52
285.5;1.52
286;1.48
286.5;1.52
287;1.52
287.5;1.52
288;1.52
288.5;1.52
289;1.52
289.5;1.56
290;1.52
290.5;1.56
291;1.56
291.5;1.6
292;1.52
292.5;1.56
293;1.56
293.5;1.6
294;1.56
294.5;1.56
295;1.56
295.5;1.6
296;1.56
296.5;1.6
297;1.64
297.5;1.64
298;1.56
298.5;1.6
299;1.6
299.5;1.64
300;1.6
300.5;1.6
301;1.64
301.5;1.64
302;1.64
302.5;1.64
303;1.64
303.5;1.68
304;1.64
304.5;1.68
305;1.68
305.5;1.68
306;1.64
306.5;1.68
307;1.68
307.5;1.68
308;1.64
308.5;1.68
309;1.68
309.5;1.72
310;1.68
310.5;1.68
311;1.68
311.5;1.72
312;1.68
312.5;1.72
313;1.72
313.5;1.72
314;1.72
314.5;1.72
315;1.72
315.5;1.76
316;1.72
316.5;1.72
317;1.76
317.5;1.76
318;1.72
318.5;1.76
319;1.76
319.5;1.8
320;1.76
320.5;1.8
321;1.76
321.5;1.8
322;1.76
322.5;1.8
323;1.8
323.5;1.8
324;1.76
324.5;1.8
325;1.8
325.5;1.84
326;1.8
326.5;1.8
327;1.8
327.5;1.84
328;1.8
328.5;1.84
329;1.8
329.5;1.88
330;1.8
330.5;1.84
331;1.84
331.5;1.84
332;1.84
332.5;1.84
333;1.84
333.5;1.88
334;1.84
334.5;1.88
335;1.88
335.5;1.88
336;1.84
336.5;1.88
337;1.88
337.5;1.88
338;1.88
338.5;1.88
339;1.88
339.5;1.92
340;1.88
340.5;1.92
341;1.92
341.5;1.92
342;1.92
342.5;1.92
343;1.92
343.5;1.96
344;1.92
344.5;1.96
345;1.92
345.5;1.96
346;1.92
346.5;1.96
347;1.96
347.5;2
348;1.96
348.5;1.96
349;1.96
349.5;2
350;1.96
350.5;2
351;2
351.5;2
352;2
352.5;2
353;2
353.5;2.04
354;2
354.5;2.04
355;2
355.5;2.04
356;2
356.5;2.04
357;2.04
357.5;2.04
358;2.04
358.5;2.04
359;2.04
359.5;2.08
360;2.04
360.5;2.04
361;2.08
361.5;2.08
362;2.08
362.5;2.08
363;2.08
363.5;2.12
364;2.08
364.5;2.12
365;2.08
365.5;2.12
366;2.08
366.5;2.08
367;2.12
367.5;2.12
368;2.08
368.5;2.08
369;2.12
369.5;2.16
370;2.08
370.5;2.12
371;2.12
371.5;2.16
372;2.12
372.5;2.16
373;2.16
373.5;2.16
374;2.12
374.5;2.16
375;2.16
375.5;2.2
376;2.16
376.5;2.16
377;2.2
377.5;2.2
378;2.16
378.5;2.2
379;2.2
379.5;2.2
380;2.2
380.5;2.2
381;2.2
381.5;2.2
382;2.2
382.5;2.2
383;2.24
383.5;2.24
384;2.2
384.5;2.24
385;2.24
385.5;2.28
386;2.2
386.5;2.28
387;2.28
387.5;2.28
388;2.24
388.5;2.24
389;2.24
389.5;2.28
390;2.24
390.5;2.28
391;2.28
391.5;2.32
392;2.24
392.5;2.32
393;2.32
393.5;2.32
394;2.28
394.5;2.28
395;2.32
395.5;2.32
396;2.28
396.5;2.32
397;2.32
397.5;2.36
398;2.28
398.5;2.32
399;2.36
399.5;2.36
400;2.32
400.5;2.36
401;2.36
401.5;2.36
402;2.36
402.5;2.36
403;2.36
403.5;2.4
404;2.36
404.5;2.36
405;2.36
405.5;2.4
406;2.36
406.5;2.4
407;2.4
407.5;2.44
408;2.4
408.5;2.44
409;2.4
409.5;2.44
410;2.4
410.5;2.44
411;2.44
411.5;2.44
412;2.4
412.5;2.44
413;2.44
413.5;2.48
414;2.44
414.5;2.48
415;2.44
415.5;2.48
416;2.44
416.5;2.48
417;2.48
417.5;2.48
418;2.44
418.5;2.48
419;2.48
419.5;2.52
420;2.48
420.5;2.48
421;2.52
421.5;2.52
422;2.48
422.5;2.52
423;2.52
423.5;2.56
424;2.52
424.5;2.56
425;2.52
425.5;2.56
426;2.52
426.5;2.52
427;2.52
427.5;2.56
428;2.52
428.5;2.56
429;2.56
429.5;2.6
430;2.52
430.5;2.6
431;2.56
431.5;2.6
432;2.56
432.5;2.6
433;2.6
433.5;2.6
434;2.56
434.5;2.6
435;2.6
435.5;2.64
436;2.6
436.5;2.6
437;2.6
437.5;2.64
438;2.6
438.5;2.64
439;2.6
439.5;2.64
440;2.6
440.5;2.64
441;2.64
441.5;2.68
442;2.64
442.5;2.68
443;2.64
443.5;2.68
444;2.64
444.5;2.68
445;2.68
445.5;2.72
446;2.68
446.5;2.68
447;2.68
447.5;2.72
448;2.64
448.5;2.68
449;2.68
449.5;2.72
450;2.68
450.5;2.72
451;2.72
451.5;2.76
452;2.72
452.5;2.72
453;2.72
453.5;2.72
454;2.72
454.5;2.72
455;2.72
455.5;2.76
456;2.72
456.5;2.76
457;2.76
457.5;2.76
458;2.72
458.5;2.76
459;2.76
459.5;2.8
460;2.76
460.5;2.8
461;2.76
461.5;2.8
462;2.76
462.5;2.8
463;2.8
463.5;2.84
464;2.8
464.5;2.84
465;2.8
465.5;2.84
466;2.8
466.5;2.84
467;2.84
467.5;2.84
468;2.8
468.5;2.84
469;2.84
469.5;2.88
470;2.84
470.5;2.84
471;2.88
471.5;2.88
472;2.84
472.5;2.88
473;2.88
473.5;2.92
474;2.84
474.5;2.88
475;2.88
475.5;2.92
476;2.88
476.5;2.88
477;2.88
477.5;2.92
478;2.88
478.5;2.92
479;2.92
479.5;2.96
480;2.88
480.5;2.92
481;2.96
481.5;2.96
482;2.88
482.5;2.92
483;2.92
483.5;2.96
484;2.92
484.5;2.96
485;2.96
485.5;3
486;2.92
486.5;3
487;2.96
487.5;3
488;2.96
488.5;3
489;2.96
489.5;3
490;2.96
490.5;3
491;3
491.5;3.04
492;3
492.5;3
493;3
493.5;3.04
494;3
494.5;3
495;3.04
495.5;3.08
496;3
496.5;3.04
497;3.04
497.5;3.08
498;3.04
498.5;3.08
499;3.04
499.5;3.08
500;3.04
500.5;3.08
501;3.08
501.5;3.12
502;3.08
502.5;3.12
503;3.12
503.5;3.12
504;3.08
504.5;3.12
505;3.12
505.5;3.12
506;3.08
506.5;3.12
507;3.12
507.5;3.12
508;3.12
508.5;3.12
509;3.12
509.5;3.16
510;3.12
510.5;3.16
511;3.16
511.5;3.16
512;3.16
512.5;3.16
513;3.16
513.5;3.2
514;3.16
514.5;3.16
515;3.16
515.5;3.2
516;3.16
516.5;3.16
517;3.2
517.5;3.2
518;3.16
518.5;3.2
519;3.2
519.5;3.24
520;3.2
520.5;3.24
521;3.24
521.5;3.24
522;3.2
522.5;3.24
523;3.24
523.5;3.24
524;3.24
524.5;3.24
525;3.24
525.5;3.28
526;3.24
526.5;3.24
527;3.28
527.5;3.28
528;3.24
528.5;3.28
529;3.28
529.5;3.32
530;3.28
530.5;3.32
531;3.28
531.5;3.32
532;3.28
532.5;3.32
533;3.32
533.5;3.32
534;3.32
534.5;3.32
535;3.32
535.5;3.36
536;3.32
536.5;3.32
537;3.32
537.5;3.36
538;3.32
538.5;3.36
539;3.36
539.5;3.36
540;3.36
540.5;3.36
541;3.36
541.5;3.4
542;3.36
542.5;3.4
543;3.4
543.5;3.4
544;3.36
544.5;3.4
545;3.4
545.5;3.4
546;3.4
546.5;3.4
547;3.4
547.5;3.44
548;3.4
548.5;3.4
549;3.44
549.5;3.44
550;3.4
550.5;3.44
551;3.44
551.5;3.44
552;3.44
552.5;3.44
553;3.44
553.5;3.48
554;3.44
554.5;3.48
555;3.48
555.5;3.48
556;3.44
556.5;3.48
557;3.52
557.5;3.52
558;3.48
558.5;3.52
559;3.48
559.5;3.52
560;3.48
560.5;3.48
561;3.52
561.5;3.52
562;3.48
562.5;3.52
563;3.52
563.5;3.56
564;3.52
564.5;3.56
565;3.56
565.5;3.56
566;3.52
566.5;3.56
567;3.56
567.5;3.56
568;3.56
568.5;3.56
569;3.56
569.5;3.6
570;3.56
570.5;3.56
571;3.56
571.5;3.6
572;3.56
572.5;3.56
573;3.6
573.5;3.6
574;3.56
574.5;3.6
575;3.6
575.5;3.64
576;3.6
576.5;3.64
577;3.64
577.5;3.64
578;3.6
578.5;3.64
579;3.64
579.5;3.68
580;3.6
580.5;3.64
581;3.68
581.5;3.68
582;3.64
582.5;3.64
583;3.68
583.5;3.68
584;3.64
584.5;3.68
585;3.68
585.5;3.72
586;3.68
586.5;3.72
587;3.68
587.5;3.72
588;3.68
588.5;3.72
589;3.72
589.5;3.72
590;3.72
590.5;3.72
591;3.68
591.5;3.72
592;3.68
592.5;3.72
593;3.72
593.5;3.76
594;3.72
594.5;3.76
595;3.72
595.5;3.76
596;3.72
596.5;3.76
597;3.76
597.5;3.8
598;3.76
598.5;3.76
599;3.76
599.5;3.8
600;3.76
600.5;3.8
601;3.8
601.5;3.84
602;3.8
602.5;3.8
603;3.8
603.5;3.84
604;3.8
604.5;3.84
605;3.84
605.5;3.84
606;3.84
606.5;3.84
607;3.84
607.5;3.88
608;3.84
608.5;3.84
609;3.84
609.5;3.88
610;3.84
610.5;3.84
611;3.88
611.5;3.88
612;3.84
612.5;3.88
613;3.88
613.5;3.92
614;3.88
614.5;3.88
615;3.88
615.5;3.92
616;3.88
616.5;3.92
617;3.92
617.5;3.92
618;3.88
618.5;3.92
619;3.92
619.5;3.96
620;3.92
620.5;3.92
621;3.96
621.5;3.96
622;3.92
622.5;3.96
623;3.96
623.5;3.96
624;3.92
624.5;3.96
625;4
625.5;4
626;3.96
626.5;4
627;4
627.5;4
628;3.96
628.5;4
629;4
629.5;4
630;4
630.5;4
631;4
631.5;4.04
632;4
632.5;4.04
633;4
633.5;4.04
634;4
634.5;4.04
635;4.04
635.5;4.08
636;4.04
636.5;4.08
637;4.08
637.5;4.08
638;4.04
638.5;4.08
639;4.08
639.5;4.08
640;4.04
640.5;4.08
641;4.08
641.5;4.12
642;4.08
642.5;4.12
643;4.12
643.5;4.12
644;4.08
644.5;4.12
645;4.08
645.5;4.16
646;4.08
646.5;4.16
647;4.16
647.5;4.16
648;4.12
648.5;4.12
649;4.16
649.5;4.16
650;4.12
650.5;4.16
651;4.12
651.5;4.2
652;4.12
652.5;4.16
653;4.16
653.5;4.2
654;4.16
654.5;4.2
655;4.2
655.5;4.24
656;4.2
656.5;4.24
657;4.2
657.5;4.24
658;4.2
658.5;4.24
659;4.2
659.5;4.24
660;4.2
660.5;4.24
661;4.24
661.5;4.24
662;4.2
662.5;4.24
663;4.24
663.5;4.28
664;4.24
664.5;4.28
665;4.28
665.5;4.28
666;4.24
666.5;4.28
667;4.28
667.5;4.28
668;4.28
668.5;4.28
669;4.28
669.5;4.32
670;4.28
670.5;4.32
671;4.32
671.5;4.32
672;4.28
672.5;4.32
673;4.32
673.5;4.36
674;4.32
674.5;4.32
675;4.32
675.5;4.36
676;4.32
676.5;4.32
677;4.36
677.5;4.36
678;4.32
678.5;4.36
679;4.36
679.5;4.4
680;4.36
680.5;4.36
681;4.4
681.5;4.4
682;4.36
682.5;4.36
683;4.4
683.5;4.4
684;4.4
684.5;4.4
685;4.4
685.5;4.44
686;4.4
686.5;4.44
687;4.4
687.5;4.44
688;4.4
688.5;4.44
689;4.44
689.5;4.44
690;4.4
690.5;4.44
691;4.44
691.5;4.48
692;4.44
692.5;4.48
693;4.48
693.5;4.48
694;4.44
694.5;4.48
695;4.48
695.5;4.52
696;4.48
696.5;4.48
697;4.48
697.5;4.52
698;4.48
698.5;4.48
699;4.52
699.5;4.52
700;4.48
700.5;4.52
701;4.52
701.5;4.56
702;4.52
702.5;4.52
703;4.52
703.5;4.56
704;4.52
704.5;4.52
705;4.56
705.5;4.56
706;4.52
706.5;4.56
707;4.56
707.5;4.6
708;4.56
708.5;4.6
709;4.6
709.5;4.6
710;4.6
710.5;4.6
711;4.6
711.5;4.64
712;4.6
712.5;4.6
713;4.6
713.5;4.64
714;4.6
714.5;4.64
715;4.64
715.5;4.64
716;4.6
716.5;4.64
717;4.64
717.5;4.68
718;4.64
718.5;4.64
719;4.64
719.5;4.68
720;4.64
720.5;4.68
721;4.68
721.5;4.68
722;4.64
722.5;4.68
723;4.68
723.5;4.68
724;4.68
724.5;4.68
725;4.68
725.5;4.72
726;4.68
726.5;4.68
727;4.72
727.5;4.72
728;4.68
728.5;4.72
729;4.72
729.5;4.76
730;4.72
730.5;4.76
731;4.76
731.5;4.76
732;4.72
732.5;4.76
733;4.76
733.5;4.76
734;4.76
734.5;4.76
735;4.76
735.5;4.8
736;4.76
736.5;4.76
737;4.8
737.5;4.8
738;4.76
738.5;4.8
739;4.8
739.5;4.84
740;4.8
740.5;4.8
741;4.8
741.5;4.84
742;4.8
742.5;4.84
743;4.84
743.5;4.84
744;4.8
744.5;4.84
745;4.84
745.5;4.88
746;4.84
746.5;4.84
747;4.84
747.5;4.88
748;4.84
748.5;4.84
749;4.88
749.5;4.88
750;4.84
750.5;4.88
751;4.88
751.5;4.92
752;4.88
752.5;4.88
753;4.88
753.5;4.92
754;4.88
754.5;4.92
755;4.92
755.5;4.96
756;4.92
756.5;4.96
757;4.92
757.5;4.96
758;4.92
758.5;4.96
759;4.92
759.5;4.96
760;4.92
760.5;4.96
761;4.96
761.5;5
762;4.96
762.5;4.96
763;4.96
763.5;5
764;4.96
764.5;5
765;4.96
765.5;5
766;4.96
766.5;4.96
767;5
767.5;5.04
768;5
768.5;5.04
769;5
769.5;5.04
770;5
770.5;5
771;5.04
771.5;5.04
772;5
772.5;5.04
773;5.04
773.5;5.08
774;5.04
774.5;5.04
775;5.04
775.5;5.08
776;5.04
776.5;5.08
777;5.04
777.5;5.08
778;5.04
778.5;5.08
779;5.08
779.5;5.12
780;5.08
780.5;5.08
781;5.12
781.5;5.12
782;5.08
782.5;5.08
783;5.08
783.5;5.12
784;5.08
784.5;5.12
785;5.12
785.5;5.16
786;5.12
786.5;5.16
787;5.16
787.5;5.16
788;5.12
788.5;5.16
789;5.16
789.5;5.2
790;5.16
790.5;5.16
791;5.16
791.5;5.2
792;5.16
792.5;5.2
793;5.2
793.5;5.2
794;5.16
794.5;5.2
795;5.2
795.5;5.2
796;5.2
796.5;5.2
797;5.2
797.5;5.24
798;5.16
798.5;5.2
799;5.2
799.5;5.2
800;5.2
800.5;5.2
801;5.2
801.5;5.24
802;5.16
802.5;5.2
803;5.2
803.5;5.24
804;5.2
804.5;5.24
805;5.2
805.5;5.2
806;5.2
806.5;5.2
807;5.2
807.5;5.24
808;5.2
808.5;5.2
809;5.2
809.5;5.2
810;5.2
810.5;5.2
811;5.2
811.5;5.2
812;5.16
812.5;5.2
813;5.2
813.5;5.2
814;5.16
814.5;5.2
815;5.2
815.5;5.2
816;5.2
816.5;5.2
817;5.2
817.5;5.2
818;5.2
818.5;5.2
819;5.2
819.5;5.2
820;5.2
820.5;5.2
821;5.2
821.5;5.24
822;5.2
822.5;5.2
823;5.16
823.5;5.2
824;5.16
824.5;5.2
825;5.2
825.5;5.2
826;5.16
826.5;5.2
827;5.2
827.5;5.2
828;5.2
828.5;5.2
829;5.2
829.5;5.24
830;5.2
830.5;5.24
831;5.2
831.5;5.24
832;5.2
832.5;5.2
833;5.2
833.5;5.2
834;5.2
834.5;5.2
835;5.2
835.5;5.24
836;5.2
836.5;5.2
837;5.2
837.5;5.24
838;5.2
838.5;5.24
839;5.2
839.5;5.2
840;5.2
840.5;5.2
841;5.2
841.5;5.24
842;5.2
842.5;5.2
843;5.2
843.5;5.24
844;5.2
844.5;5.2
845;5.2
845.5;5.24
846;5.2
846.5;5.2
847;5.2
847.5;5.2
848;5.2
848.5;5.2
849;5.2
849.5;5.2
850;5.2
850.5;5.2
851;5.2
851.5;5.24
852;5.2
852.5;5.2
853;5.2
853.5;5.24
854;5.2
854.5;5.2
