# Oscilloscope file ./20160704_110246.bin
# Channel 2
Time / s;Voltage / V
0;0.284
0.5;0.29
1;0.288
1.5;0.288
2;0.286
2.5;0.288
3;0.288
3.5;0.288
4;0.286
4.5;0.288
5;0.288
5.5;0.288
6;0.286
6.5;0.286
7;0.286
7.5;0.288
8;0.286
8.5;0.286
9;0.288
9.5;0.288
10;0.286
10.5;0.288
11;0.288
11.5;0.288
12;0.286
12.5;0.286
13;0.286
13.5;0.286
14;0.284
14.5;0.284
15;0.286
15.5;0.286
16;0.282
16.5;0.284
17;0.282
17.5;0.284
18;0.282
18.5;0.282
19;0.282
19.5;0.282
20;0.28
20.5;0.28
21;0.28
21.5;0.282
22;0.278
22.5;0.28
23;0.278
23.5;0.28
24;0.276
24.5;0.278
25;0.276
25.5;0.278
26;0.274
26.5;0.276
27;0.276
27.5;0.278
28;0.274
28.5;0.274
29;0.276
29.5;0.276
30;0.274
30.5;0.276
31;0.276
31.5;0.276
32;0.272
32.5;0.274
33;0.274
33.5;0.278
34;0.274
34.5;0.274
35;0.274
35.5;0.274
36;0.272
36.5;0.274
37;0.272
37.5;0.272
38;0.27
38.5;0.27
39;0.272
39.5;0.272
40;0.268
40.5;0.268
41;0.272
41.5;0.272
42;0.27
42.5;0.27
43;0.272
43.5;0.272
44;0.27
44.5;0.27
45;0.27
45.5;0.27
46;0.27
46.5;0.27
47;0.272
47.5;0.272
48;0.268
48.5;0.268
49;0.268
49.5;0.27
50;0.268
50.5;0.268
51;0.268
51.5;0.268
52;0.266
52.5;0.268
53;0.266
53.5;0.272
54;0.266
54.5;0.266
55;0.266
55.5;0.268
56;0.266
56.5;0.266
57;0.268
57.5;0.268
58;0.264
58.5;0.266
59;0.266
59.5;0.266
60;0.264
60.5;0.266
61;0.266
61.5;0.266
62;0.264
62.5;0.264
63;0.264
63.5;0.266
64;0.262
64.5;0.264
65;0.264
65.5;0.264
66;0.262
66.5;0.262
67;0.264
67.5;0.264
68;0.262
68.5;0.264
69;0.262
69.5;0.264
70;0.26
70.5;0.262
71;0.262
71.5;0.264
72;0.26
72.5;0.262
73;0.262
73.5;0.264
74;0.26
74.5;0.264
75;0.262
75.5;0.264
76;0.26
76.5;0.264
77;0.262
77.5;0.264
78;0.262
78.5;0.262
79;0.262
79.5;0.264
80;0.262
80.5;0.262
81;0.262
81.5;0.264
82;0.262
82.5;0.264
83;0.262
83.5;0.264
84;0.262
84.5;0.264
85;0.264
85.5;0.266
86;0.262
86.5;0.262
87;0.264
87.5;0.266
88;0.264
88.5;0.266
89;0.266
89.5;0.266
90;0.264
90.5;0.264
91;0.264
91.5;0.266
92;0.264
92.5;0.264
93;0.266
93.5;0.266
94;0.264
94.5;0.266
95;0.266
95.5;0.266
96;0.264
96.5;0.266
97;0.264
97.5;0.266
98;0.264
98.5;0.264
99;0.266
99.5;0.266
100;0.264
100.5;0.264
101;0.266
101.5;0.266
102;0.264
102.5;0.266
103;0.264
103.5;0.266
104;0.264
104.5;0.266
105;0.266
105.5;0.268
106;0.264
106.5;0.266
107;0.264
107.5;0.266
108;0.264
108.5;0.264
109;0.266
109.5;0.266
110;0.264
110.5;0.264
111;0.266
111.5;0.266
112;0.264
112.5;0.264
113;0.264
113.5;0.266
114;0.262
114.5;0.264
115;0.266
115.5;0.268
116;0.264
116.5;0.266
117;0.266
117.5;0.266
118;0.264
118.5;0.266
119;0.266
119.5;0.268
120;0.264
120.5;0.266
121;0.266
121.5;0.268
122;0.264
122.5;0.266
123;0.264
123.5;0.266
124;0.264
124.5;0.264
125;0.266
125.5;0.266
126;0.264
126.5;0.266
127;0.266
127.5;0.268
128;0.264
128.5;0.264
129;0.266
129.5;0.266
130;0.264
130.5;0.264
131;0.264
131.5;0.266
132;0.264
132.5;0.266
133;0.266
133.5;0.268
134;0.264
134.5;0.268
135;0.266
135.5;0.266
136;0.262
136.5;0.264
137;0.264
137.5;0.268
138;0.262
138.5;0.266
139;0.266
139.5;0.266
140;0.264
140.5;0.264
141;0.266
141.5;0.266
142;0.264
142.5;0.264
143;0.264
143.5;0.266
144;0.262
144.5;0.262
145;0.264
145.5;0.266
146;0.264
146.5;0.266
147;0.266
147.5;0.266
148;0.262
148.5;0.266
149;0.266
149.5;0.268
150;0.264
150.5;0.266
151;0.268
151.5;0.268
152;0.264
152.5;0.268
153;0.268
153.5;0.268
154;0.264
154.5;0.266
155;0.268
155.5;0.268
156;0.264
156.5;0.264
157;0.266
157.5;0.266
158;0.264
158.5;0.266
159;0.264
159.5;0.266
160;0.264
160.5;0.266
161;0.266
161.5;0.266
162;0.266
162.5;0.266
163;0.266
163.5;0.268
164;0.264
164.5;0.268
165;0.264
165.5;0.266
166;0.264
166.5;0.266
167;0.266
167.5;0.266
168;0.264
168.5;0.264
169;0.266
169.5;0.268
170;0.264
170.5;0.264
171;0.264
171.5;0.266
172;0.264
172.5;0.264
173;0.266
173.5;0.266
174;0.264
174.5;0.264
175;0.266
175.5;0.266
176;0.262
176.5;0.264
177;0.266
177.5;0.268
178;0.264
178.5;0.266
179;0.266
179.5;0.266
180;0.264
180.5;0.266
181;0.264
181.5;0.266
182;0.264
182.5;0.264
183;0.266
183.5;0.268
184;0.264
184.5;0.266
185;0.264
185.5;0.268
186;0.264
186.5;0.266
187;0.266
187.5;0.268
188;0.264
188.5;0.264
189;0.266
189.5;0.268
190;0.264
190.5;0.264
191;0.268
191.5;0.268
192;0.264
192.5;0.266
193;0.266
193.5;0.266
194;0.262
194.5;0.264
195;0.264
195.5;0.266
196;0.262
196.5;0.264
197;0.264
197.5;0.264
198;0.26
198.5;0.262
199;0.262
199.5;0.264
200;0.26
200.5;0.26
201;0.262
201.5;0.262
202;0.258
202.5;0.258
203;0.26
203.5;0.26
204;0.258
204.5;0.26
205;0.26
205.5;0.262
206;0.258
206.5;0.258
207;0.258
207.5;0.26
208;0.258
208.5;0.258
209;0.258
209.5;0.26
210;0.258
210.5;0.258
211;0.258
211.5;0.26
212;0.256
212.5;0.258
213;0.258
213.5;0.26
214;0.256
214.5;0.258
215;0.258
215.5;0.26
216;0.258
216.5;0.258
217;0.258
217.5;0.26
218;0.256
218.5;0.258
219;0.258
219.5;0.26
220;0.256
220.5;0.258
221;0.258
221.5;0.26
222;0.258
222.5;0.258
223;0.258
223.5;0.258
224;0.256
224.5;0.258
225;0.258
225.5;0.26
226;0.256
226.5;0.256
227;0.258
227.5;0.26
228;0.256
228.5;0.26
229;0.26
229.5;0.26
230;0.258
230.5;0.26
231;0.26
231.5;0.26
232;0.258
232.5;0.26
233;0.26
233.5;0.262
234;0.26
234.5;0.26
235;0.26
235.5;0.262
236;0.26
236.5;0.262
237;0.262
237.5;0.264
238;0.26
238.5;0.262
239;0.262
239.5;0.264
240;0.262
240.5;0.262
241;0.264
241.5;0.266
242;0.262
242.5;0.264
243;0.264
243.5;0.266
244;0.264
244.5;0.264
245;0.266
245.5;0.266
246;0.264
246.5;0.264
247;0.264
247.5;0.266
248;0.262
248.5;0.264
249;0.264
249.5;0.268
250;0.264
250.5;0.264
251;0.264
251.5;0.266
252;0.262
252.5;0.264
253;0.262
253.5;0.266
254;0.262
254.5;0.264
255;0.264
255.5;0.266
256;0.262
256.5;0.262
257;0.264
257.5;0.264
258;0.26
258.5;0.26
259;0.26
259.5;0.26
260;0.258
260.5;0.258
261;0.26
261.5;0.26
262;0.256
262.5;0.258
263;0.258
263.5;0.258
264;0.256
264.5;0.258
265;0.256
265.5;0.258
266;0.254
266.5;0.256
267;0.256
267.5;0.256
268;0.256
268.5;0.256
269;0.256
269.5;0.258
270;0.254
270.5;0.254
271;0.256
271.5;0.256
272;0.254
272.5;0.254
273;0.254
273.5;0.256
274;0.252
274.5;0.256
275;0.256
275.5;0.256
276;0.252
276.5;0.256
277;0.254
277.5;0.256
278;0.254
278.5;0.254
279;0.254
279.5;0.254
280;0.252
280.5;0.252
281;0.254
281.5;0.256
282;0.254
282.5;0.256
283;0.252
283.5;0.254
284;0.252
284.5;0.252
285;0.252
285.5;0.254
286;0.252
286.5;0.252
287;0.252
287.5;0.252
288;0.25
288.5;0.25
289;0.25
289.5;0.252
290;0.248
290.5;0.248
291;0.25
291.5;0.25
292;0.248
292.5;0.248
293;0.248
293.5;0.248
294;0.246
294.5;0.246
295;0.248
295.5;0.248
296;0.244
296.5;0.246
297;0.246
297.5;0.246
298;0.242
298.5;0.244
299;0.242
299.5;0.244
300;0.24
300.5;0.24
301;0.24
301.5;0.242
302;0.238
302.5;0.238
303;0.24
303.5;0.24
304;0.236
304.5;0.238
305;0.234
305.5;0.234
306;0.232
306.5;0.232
307;0.232
307.5;0.234
308;0.23
308.5;0.232
309;0.23
309.5;0.23
310;0.226
310.5;0.226
311;0.228
311.5;0.228
312;0.222
312.5;0.224
313;0.222
313.5;0.226
314;0.222
314.5;0.222
315;0.222
315.5;0.222
316;0.218
316.5;0.22
317;0.218
317.5;0.218
318;0.216
318.5;0.216
319;0.214
319.5;0.216
320;0.212
320.5;0.212
321;0.214
321.5;0.214
322;0.21
322.5;0.212
323;0.21
323.5;0.212
324;0.208
324.5;0.21
325;0.21
325.5;0.21
326;0.208
326.5;0.208
327;0.208
327.5;0.208
328;0.206
328.5;0.206
329;0.206
329.5;0.206
330;0.204
330.5;0.204
331;0.206
331.5;0.206
332;0.204
332.5;0.204
333;0.202
333.5;0.204
334;0.202
334.5;0.202
335;0.202
335.5;0.202
336;0.198
336.5;0.198
337;0.2
337.5;0.2
338;0.198
338.5;0.198
339;0.196
339.5;0.198
340;0.194
340.5;0.196
341;0.196
341.5;0.196
342;0.192
342.5;0.196
343;0.192
343.5;0.194
344;0.19
344.5;0.192
345;0.19
345.5;0.192
346;0.188
346.5;0.19
347;0.188
347.5;0.188
348;0.186
348.5;0.186
349;0.184
349.5;0.186
350;0.184
350.5;0.184
351;0.184
351.5;0.184
352;0.182
352.5;0.182
353;0.182
353.5;0.184
354;0.18
354.5;0.18
355;0.178
355.5;0.18
356;0.176
356.5;0.176
357;0.178
357.5;0.178
358;0.176
358.5;0.176
359;0.176
359.5;0.178
360;0.172
360.5;0.174
361;0.174
361.5;0.176
362;0.172
362.5;0.172
363;0.174
363.5;0.174
364;0.17
364.5;0.172
365;0.174
365.5;0.176
366;0.172
366.5;0.172
367;0.172
367.5;0.174
368;0.172
368.5;0.172
369;0.174
369.5;0.174
370;0.172
370.5;0.172
371;0.172
371.5;0.172
372;0.17
372.5;0.172
373;0.17
373.5;0.17
374;0.17
374.5;0.17
375;0.17
375.5;0.17
376;0.168
376.5;0.168
377;0.166
377.5;0.17
378;0.164
378.5;0.17
379;0.166
379.5;0.168
380;0.164
380.5;0.166
381;0.164
381.5;0.166
382;0.162
382.5;0.164
383;0.164
383.5;0.164
384;0.16
384.5;0.16
385;0.16
385.5;0.16
386;0.158
386.5;0.158
387;0.158
387.5;0.16
388;0.156
388.5;0.156
389;0.154
389.5;0.156
390;0.154
390.5;0.154
391;0.154
391.5;0.154
392;0.152
392.5;0.152
393;0.152
393.5;0.154
394;0.152
394.5;0.152
395;0.15
395.5;0.152
396;0.148
396.5;0.148
397;0.15
397.5;0.15
398;0.146
398.5;0.148
399;0.148
399.5;0.148
400;0.146
400.5;0.146
401;0.146
401.5;0.148
402;0.144
402.5;0.144
403;0.146
403.5;0.148
404;0.142
404.5;0.144
405;0.142
405.5;0.144
406;0.14
406.5;0.142
407;0.142
407.5;0.146
408;0.14
408.5;0.142
409;0.14
409.5;0.14
410;0.138
410.5;0.14
411;0.14
411.5;0.14
412;0.138
412.5;0.138
413;0.14
413.5;0.14
414;0.136
414.5;0.138
415;0.136
415.5;0.138
416;0.134
416.5;0.136
417;0.138
417.5;0.138
418;0.134
418.5;0.134
419;0.134
419.5;0.136
420;0.134
420.5;0.134
421;0.134
421.5;0.136
422;0.134
422.5;0.136
423;0.132
423.5;0.138
424;0.132
424.5;0.138
425;0.134
425.5;0.134
426;0.132
426.5;0.134
427;0.132
427.5;0.136
428;0.132
428.5;0.134
429;0.132
429.5;0.134
430;0.132
430.5;0.134
431;0.134
431.5;0.134
432;0.132
432.5;0.134
433;0.132
433.5;0.134
434;0.13
434.5;0.132
435;0.132
435.5;0.132
436;0.13
436.5;0.132
437;0.132
437.5;0.134
438;0.13
438.5;0.132
439;0.132
439.5;0.132
440;0.13
440.5;0.13
441;0.13
441.5;0.132
442;0.13
442.5;0.13
443;0.13
443.5;0.132
444;0.128
444.5;0.13
445;0.13
445.5;0.132
446;0.128
446.5;0.132
447;0.13
447.5;0.13
448;0.128
448.5;0.128
449;0.128
449.5;0.132
450;0.126
450.5;0.13
451;0.13
451.5;0.13
452;0.128
452.5;0.128
453;0.128
453.5;0.13
454;0.128
454.5;0.13
455;0.13
455.5;0.13
456;0.128
456.5;0.13
457;0.13
457.5;0.13
458;0.128
458.5;0.13
459;0.128
459.5;0.13
460;0.128
460.5;0.13
461;0.128
461.5;0.13
462;0.128
462.5;0.128
463;0.128
463.5;0.132
464;0.128
464.5;0.128
465;0.128
465.5;0.13
466;0.126
466.5;0.128
467;0.128
467.5;0.132
468;0.128
468.5;0.13
469;0.13
469.5;0.13
470;0.128
470.5;0.13
471;0.128
471.5;0.13
472;0.128
472.5;0.13
473;0.128
473.5;0.132
474;0.128
474.5;0.132
475;0.13
475.5;0.13
476;0.128
476.5;0.13
477;0.128
477.5;0.132
478;0.128
478.5;0.13
479;0.13
479.5;0.132
480;0.128
480.5;0.128
481;0.13
481.5;0.13
482;0.128
482.5;0.13
483;0.13
483.5;0.132
484;0.128
484.5;0.13
485;0.13
485.5;0.132
486;0.128
486.5;0.128
487;0.13
487.5;0.13
488;0.126
488.5;0.128
489;0.128
489.5;0.128
490;0.126
490.5;0.126
491;0.126
491.5;0.128
492;0.126
492.5;0.126
493;0.126
493.5;0.126
494;0.122
494.5;0.122
495;0.124
495.5;0.126
496;0.12
496.5;0.122
497;0.122
497.5;0.128
498;0.12
498.5;0.12
499;0.12
499.5;0.122
500;0.12
500.5;0.12
501;0.118
501.5;0.122
502;0.114
502.5;0.116
503;0.118
503.5;0.118
504;0.116
504.5;0.118
505;0.118
505.5;0.118
506;0.114
506.5;0.114
507;0.114
507.5;0.114
508;0.112
508.5;0.114
509;0.114
509.5;0.116
510;0.11
510.5;0.11
511;0.11
511.5;0.11
512;0.108
512.5;0.108
513;0.106
513.5;0.11
514;0.106
514.5;0.106
515;0.108
515.5;0.108
516;0.104
516.5;0.104
517;0.104
517.5;0.104
518;0.102
518.5;0.102
519;0.106
519.5;0.106
520;0.1
520.5;0.102
521;0.102
521.5;0.104
522;0.1
522.5;0.1
523;0.102
523.5;0.102
524;0.098
524.5;0.1
525;0.098
525.5;0.1
526;0.098
526.5;0.098
527;0.098
527.5;0.098
528;0.096
528.5;0.098
529;0.092
529.5;0.098
530;0.092
530.5;0.096
531;0.096
531.5;0.096
532;0.094
532.5;0.094
533;0.094
533.5;0.096
534;0.092
534.5;0.092
535;0.092
535.5;0.094
536;0.092
536.5;0.092
537;0.094
537.5;0.094
538;0.09
538.5;0.092
539;0.09
539.5;0.092
540;0.09
540.5;0.09
541;0.09
541.5;0.09
542;0.09
542.5;0.09
543;0.088
543.5;0.092
544;0.088
544.5;0.09
545;0.086
545.5;0.09
546;0.086
546.5;0.088
547;0.086
547.5;0.088
548;0.084
548.5;0.084
549;0.084
549.5;0.084
550;0.082
550.5;0.084
551;0.084
551.5;0.086
552;0.08
552.5;0.084
553;0.084
553.5;0.084
554;0.082
554.5;0.082
555;0.082
555.5;0.084
556;0.08
556.5;0.08
557;0.084
557.5;0.084
558;0.082
558.5;0.084
559;0.084
559.5;0.086
560;0.082
560.5;0.082
561;0.084
561.5;0.084
562;0.082
562.5;0.084
563;0.084
563.5;0.084
564;0.082
564.5;0.084
565;0.082
565.5;0.084
566;0.082
566.5;0.084
567;0.084
567.5;0.084
568;0.08
568.5;0.08
569;0.08
569.5;0.082
570;0.08
570.5;0.08
571;0.08
571.5;0.08
572;0.078
572.5;0.08
573;0.078
573.5;0.08
574;0.078
574.5;0.078
575;0.078
575.5;0.078
576;0.076
576.5;0.078
577;0.076
577.5;0.078
578;0.074
578.5;0.076
579;0.074
579.5;0.076
580;0.072
580.5;0.074
581;0.074
581.5;0.074
582;0.072
582.5;0.074
583;0.074
583.5;0.076
584;0.072
584.5;0.072
585;0.072
585.5;0.072
586;0.07
586.5;0.072
587;0.072
587.5;0.072
588;0.07
588.5;0.07
589;0.07
589.5;0.074
590;0.068
590.5;0.072
591;0.068
591.5;0.07
592;0.068
592.5;0.07
593;0.072
593.5;0.072
594;0.066
594.5;0.066
595;0.07
595.5;0.07
596;0.066
596.5;0.068
597;0.068
597.5;0.07
598;0.066
598.5;0.07
599;0.068
599.5;0.07
600;0.066
600.5;0.066
601;0.068
601.5;0.068
602;0.066
602.5;0.068
603;0.068
603.5;0.068
604;0.064
604.5;0.066
605;0.066
605.5;0.066
606;0.062
606.5;0.062
607;0.064
607.5;0.064
608;0.062
608.5;0.064
609;0.064
609.5;0.064
610;0.06
610.5;0.062
611;0.062
611.5;0.062
612;0.06
612.5;0.06
613;0.058
613.5;0.064
614;0.058
614.5;0.06
615;0.058
615.5;0.06
616;0.056
616.5;0.058
617;0.058
617.5;0.058
618;0.056
618.5;0.058
619;0.056
619.5;0.056
620;0.054
620.5;0.056
621;0.056
621.5;0.056
622;0.054
622.5;0.054
623;0.052
623.5;0.054
624;0.052
624.5;0.052
625;0.052
625.5;0.054
626;0.052
626.5;0.052
627;0.052
627.5;0.052
628;0.05
628.5;0.05
629;0.048
629.5;0.052
630;0.048
630.5;0.048
631;0.05
631.5;0.05
632;0.046
632.5;0.048
633;0.048
633.5;0.048
634;0.046
634.5;0.046
635;0.046
635.5;0.046
636;0.044
636.5;0.046
637;0.048
637.5;0.048
638;0.044
638.5;0.044
639;0.046
639.5;0.046
640;0.042
640.5;0.044
641;0.044
641.5;0.044
642;0.04
642.5;0.042
643;0.04
643.5;0.042
644;0.04
644.5;0.04
645;0.04
645.5;0.042
646;0.04
646.5;0.04
647;0.042
647.5;0.042
648;0.038
648.5;0.04
649;0.04
649.5;0.04
650;0.038
650.5;0.038
651;0.038
651.5;0.038
652;0.038
652.5;0.038
653;0.036
653.5;0.038
654;0.034
654.5;0.034
655;0.034
655.5;0.036
656;0.034
656.5;0.034
657;0.034
657.5;0.036
658;0.034
658.5;0.034
659;0.034
659.5;0.034
660;0.03
660.5;0.032
661;0.032
661.5;0.034
662;0.032
662.5;0.034
663;0.032
663.5;0.034
664;0.03
664.5;0.032
665;0.032
665.5;0.032
666;0.028
666.5;0.03
667;0.03
667.5;0.032
668;0.028
668.5;0.03
669;0.03
669.5;0.03
670;0.028
670.5;0.028
671;0.028
671.5;0.03
672;0.026
672.5;0.028
673;0.028
673.5;0.028
674;0.026
674.5;0.028
675;0.028
675.5;0.03
676;0.026
676.5;0.026
677;0.028
677.5;0.028
678;0.026
678.5;0.026
679;0.026
679.5;0.026
680;0.024
680.5;0.026
681;0.026
681.5;0.026
682;0.024
682.5;0.024
683;0.024
683.5;0.024
684;0.022
684.5;0.022
685;0.024
685.5;0.024
686;0.022
686.5;0.022
687;0.022
687.5;0.022
688;0.02
688.5;0.022
689;0.022
689.5;0.022
690;0.018
690.5;0.02
691;0.02
691.5;0.02
692;0.018
692.5;0.018
693;0.022
693.5;0.022
694;0.018
694.5;0.018
695;0.018
695.5;0.018
696;0.016
696.5;0.016
697;0.016
697.5;0.018
698;0.016
698.5;0.016
699;0.014
699.5;0.016
700;0.014
700.5;0.016
701;0.014
701.5;0.016
702;0.014
702.5;0.014
703;0.014
703.5;0.016
704;0.014
704.5;0.014
705;0.012
705.5;0.014
706;0.012
706.5;0.012
707;0.014
707.5;0.014
708;0.01
708.5;0.012
709;0.012
709.5;0.012
710;0.01
710.5;0.01
711;0.012
711.5;0.012
712;0.008
712.5;0.01
713;0.008
713.5;0.01
714;0.008
714.5;0.01
715;0.008
715.5;0.01
716;0.008
716.5;0.008
717;0.006
717.5;0.008
718;0.006
718.5;0.008
719;0.006
719.5;0.008
720;0.006
720.5;0.006
721;0.004
721.5;0.006
722;0.004
722.5;0.006
723;0.004
723.5;0.006
724;0.002
724.5;0.002
725;0.004
725.5;0.004
726;0.002
726.5;0.004
727;0.004
727.5;0.004
728;0.002
728.5;0.004
729;0.004
729.5;0.004
730;0
730.5;0.002
731;0.002
731.5;0.002
732;0
732.5;0
733;0
733.5;0.002
734;-0.002
734.5;0.002
735;0.002
735.5;0.004
736;0
736.5;0.002
737;0
737.5;0.002
738;0
738.5;0.002
739;0
739.5;0.002
740;0
740.5;0.002
741;0.002
741.5;0.002
742;0
742.5;0.002
743;0
743.5;0.004
744;0
744.5;0.002
745;0.002
745.5;0.002
746;0
746.5;0.002
747;0.002
747.5;0.004
748;0
748.5;0.002
749;0
749.5;0.004
750;0
750.5;0.002
