    1           0 
    2           0 
    3           0 
    4           0 
    5           0 
    6           0 
    7           0 
    8           0 
    9          48 
   10        2959 
   11        3298 
   12        3399 
   13        3314 
   14        3285 
   15        3426 
   16        3414 
   17        3585 
   18        3670 
   19        4073 
   20        4126 
   21        4429 
   22        4484 
   23        4369 
   24        4419 
   25        4453 
   26        4241 
   27        4067 
   28        4122 
   29        3923 
   30        3865 
   31        3969 
   32        3906 
   33        3927 
   34        4007 
   35        4063 
   36        4128 
   37        4209 
   38        4384 
   39        4296 
   40        4486 
   41        4531 
   42        4503 
   43        4561 
   44        4572 
   45        4773 
   46        4668 
   47        4721 
   48        4759 
   49        4733 
   50        4768 
   51        4664 
   52        4593 
   53        4764 
   54        4692 
   55        4673 
   56        4606 
   57        4868 
   58        4856 
   59        4756 
   60        5020 
   61        4828 
   62        4931 
   63        5045 
   64        5104 
   65        5094 
   66        5002 
   67        5073 
   68        5020 
   69        5052 
   70        5174 
   71        5095 
   72        4971 
   73        5060 
   74        4898 
   75        4869 
   76        4826 
   77        4710 
   78        4654 
   79        4609 
   80        4558 
   81        4488 
   82        4362 
   83        4220 
   84        4101 
   85        4037 
   86        4027 
   87        3959 
   88        4045 
   89        3972 
   90        3881 
   91        3703 
   92        3790 
   93        3652 
   94        3531 
   95        3508 
   96        3538 
   97        3534 
   98        3458 
   99        3499 
  100        3313 
  101        3397 
  102        3326 
  103        3382 
  104        3226 
  105        3177 
  106        3166 
  107        3138 
  108        2993 
  109        3111 
  110        3046 
  111        3049 
  112        2884 
  113        2917 
  114        2786 
  115        2779 
  116        2845 
  117        2948 
  118        2801 
  119        2721 
  120        2866 
  121        2740 
  122        2605 
  123        2736 
  124        2551 
  125        2712 
  126        2600 
  127        2554 
  128        2527 
  129        2501 
  130        2593 
  131        2420 
  132        2525 
  133        2465 
  134        2353 
  135        2377 
  136        2398 
  137        2332 
  138        2411 
  139        2397 
  140        2354 
  141        2344 
  142        2370 
  143        2311 
  144        2312 
  145        2335 
  146        2254 
  147        2278 
  148        2236 
  149        2219 
  150        2204 
  151        2268 
  152        2311 
  153        2197 
  154        2181 
  155        2272 
  156        2162 
  157        2258 
  158        2230 
  159        2152 
  160        2259 
  161        2259 
  162        2172 
  163        2230 
  164        2120 
  165        2155 
  166        2108 
  167        2094 
  168        2197 
  169        2115 
  170        2145 
  171        2185 
  172        2190 
  173        2140 
  174        2247 
  175        2057 
  176        2070 
  177        2052 
  178        2002 
  179        1976 
  180        2026 
  181        1979 
  182        2006 
  183        2008 
  184        1887 
  185        1854 
  186        1770 
  187        1767 
  188        1681 
  189        1717 
  190        1648 
  191        1650 
  192        1520 
  193        1504 
  194        1522 
  195        1427 
  196        1318 
  197        1328 
  198        1316 
  199        1272 
  200        1196 
  201        1151 
  202        1136 
  203        1145 
  204        1052 
  205        1003 
  206         992 
  207         985 
  208         862 
  209         948 
  210         937 
  211         868 
  212         818 
  213         813 
  214         828 
  215         785 
  216         798 
  217         762 
  218         730 
  219         714 
  220         671 
  221         662 
  222         663 
  223         631 
  224         632 
  225         644 
  226         579 
  227         587 
  228         584 
  229         567 
  230         554 
  231         570 
  232         537 
  233         584 
  234         564 
  235         525 
  236         511 
  237         506 
  238         542 
  239         560 
  240         565 
  241         512 
  242         543 
  243         584 
  244         620 
  245         560 
  246         592 
  247         648 
  248         678 
  249         712 
  250         756 
  251         752 
  252         839 
  253         923 
  254        1023 
  255        1048 
  256        1079 
  257        1234 
  258        1378 
  259        1388 
  260        1598 
  261        1609 
  262        1725 
  263        1795 
  264        1857 
  265        2077 
  266        2114 
  267        2210 
  268        2281 
  269        2494 
  270        2477 
  271        2580 
  272        2748 
  273        2641 
  274        2779 
  275        2759 
  276        2834 
  277        2802 
  278        2711 
  279        2795 
  280        2742 
  281        2671 
  282        2682 
  283        2571 
  284        2534 
  285        2572 
  286        2419 
  287        2327 
  288        2254 
  289        2138 
  290        2084 
  291        1983 
  292        1887 
  293        1789 
  294        1639 
  295        1524 
  296        1436 
  297        1362 
  298        1379 
  299        1284 
  300        1262 
  301        1108 
  302        1125 
  303        1136 
  304        1012 
  305        1021 
  306         917 
  307         870 
  308         806 
  309         845 
  310         757 
  311         792 
  312         756 
  313         646 
  314         682 
  315         699 
  316         623 
  317         606 
  318         620 
  319         615 
  320         542 
  321         555 
  322         512 
  323         495 
  324         481 
  325         495 
  326         485 
  327         475 
  328         471 
  329         423 
  330         441 
  331         379 
  332         432 
  333         387 
  334         371 
  335         311 
  336         323 
  337         302 
  338         327 
  339         342 
  340         322 
  341         301 
  342         269 
  343         315 
  344         274 
  345         264 
  346         269 
  347         259 
  348         223 
  349         222 
  350         250 
  351         214 
  352         215 
  353         205 
  354         173 
  355         188 
  356         174 
  357         165 
  358         170 
  359         163 
  360         172 
  361         159 
  362         146 
  363         126 
  364         127 
  365         111 
  366         137 
  367         125 
  368         108 
  369          97 
  370         101 
  371         109 
  372          95 
  373          80 
  374          63 
  375          68 
  376          74 
  377          58 
  378          69 
  379          65 
  380          66 
  381          44 
  382          52 
  383          47 
  384          36 
  385          30 
  386          23 
  387          23 
  388          28 
  389          21 
  390          28 
  391          18 
  392          14 
  393          21 
  394          13 
  395          13 
  396          15 
  397          10 
  398          13 
  399          12 
  400          12 
  401          11 
  402          12 
  403           5 
  404           4 
  405           8 
  406           6 
  407           5 
  408           5 
  409           6 
  410           3 
  411           7 
  412           4 
  413           7 
  414           4 
  415           5 
  416           6 
  417           7 
  418           0 
  419           3 
  420           3 
  421           3 
  422           7 
  423          11 
  424           4 
  425           7 
  426           2 
  427           1 
  428           1 
  429           3 
  430           2 
  431           5 
  432           7 
  433           3 
  434           4 
  435           5 
  436           6 
  437           4 
  438           3 
  439           4 
  440           1 
  441           3 
  442           3 
  443           4 
  444           6 
  445           2 
  446           7 
  447           3 
  448           2 
  449           2 
  450           2 
  451           1 
  452           2 
  453           4 
  454           3 
  455           4 
  456           5 
  457           3 
  458           2 
  459           2 
  460           5 
  461           3 
  462           1 
  463           3 
  464           1 
  465           2 
  466           5 
  467           2 
  468           3 
  469           5 
  470           0 
  471           2 
  472           0 
  473           2 
  474           1 
  475           4 
  476           1 
  477           2 
  478           1 
  479           1 
  480           3 
  481           1 
  482           0 
  483           2 
  484           6 
  485           0 
  486           2 
  487           6 
  488           3 
  489           2 
  490           3 
  491           4 
  492           2 
  493           1 
  494           1 
  495           2 
  496           1 
  497           4 
  498           3 
  499           2 
  500           1 
  501           0 
  502           0 
  503           0 
  504           0 
  505           0 
  506           0 
  507           0 
  508           0 
  509           0 
  510           0 
  511           0 
  512           0 
