    1           0 
    2           0 
    3           0 
    4           0 
    5           0 
    6           0 
    7           0 
    8           0 
    9           2 
   10         301 
   11         303 
   12         334 
   13         314 
   14         311 
   15         340 
   16         316 
   17         340 
   18         322 
   19         370 
   20         417 
   21         421 
   22         456 
   23         417 
   24         442 
   25         423 
   26         419 
   27         434 
   28         348 
   29         347 
   30         362 
   31         410 
   32         370 
   33         361 
   34         355 
   35         366 
   36         401 
   37         407 
   38         399 
   39         384 
   40         384 
   41         415 
   42         430 
   43         391 
   44         434 
   45         399 
   46         405 
   47         395 
   48         420 
   49         427 
   50         413 
   51         438 
   52         407 
   53         451 
   54         432 
   55         445 
   56         443 
   57         432 
   58         427 
   59         469 
   60         486 
   61         456 
   62         481 
   63         457 
   64         433 
   65         452 
   66         470 
   67         427 
   68         464 
   69         459 
   70         430 
   71         419 
   72         447 
   73         423 
   74         414 
   75         425 
   76         387 
   77         378 
   78         399 
   79         433 
   80         395 
   81         408 
   82         412 
   83         400 
   84         393 
   85         386 
   86         402 
   87         360 
   88         387 
   89         393 
   90         365 
   91         378 
   92         370 
   93         364 
   94         344 
   95         340 
   96         353 
   97         303 
   98         316 
   99         339 
  100         350 
  101         321 
  102         331 
  103         308 
  104         314 
  105         264 
  106         347 
  107         293 
  108         308 
  109         286 
  110         263 
  111         275 
  112         288 
  113         285 
  114         292 
  115         305 
  116         289 
  117         277 
  118         283 
  119         277 
  120         245 
  121         249 
  122         262 
  123         300 
  124         242 
  125         241 
  126         207 
  127         206 
  128         239 
  129         207 
  130         229 
  131         221 
  132         187 
  133         174 
  134         179 
  135         169 
  136         171 
  137         164 
  138         165 
  139         173 
  140         157 
  141         139 
  142         138 
  143         149 
  144         123 
  145         132 
  146         155 
  147         122 
  148         123 
  149         130 
  150         125 
  151         114 
  152         117 
  153         111 
  154         135 
  155         119 
  156         101 
  157         104 
  158         120 
  159         112 
  160         104 
  161         113 
  162          92 
  163         116 
  164         114 
  165          92 
  166         102 
  167          91 
  168         101 
  169          88 
  170         100 
  171         101 
  172         109 
  173          81 
  174          97 
  175         106 
  176         102 
  177          82 
  178         102 
  179          95 
  180          88 
  181         107 
  182         112 
  183         103 
  184         103 
  185         128 
  186         109 
  187         132 
  188         132 
  189         119 
  190         134 
  191         131 
  192         146 
  193         158 
  194         167 
  195         214 
  196         213 
  197         217 
  198         228 
  199         233 
  200         259 
  201         269 
  202         299 
  203         296 
  204         326 
  205         318 
  206         333 
  207         323 
  208         357 
  209         367 
  210         350 
  211         377 
  212         412 
  213         383 
  214         369 
  215         357 
  216         334 
  217         351 
  218         338 
  219         339 
  220         332 
  221         296 
  222         290 
  223         276 
  224         292 
  225         281 
  226         243 
  227         225 
  228         219 
  229         223 
  230         197 
  231         194 
  232         196 
  233         158 
  234         157 
  235         166 
  236         157 
  237         140 
  238         141 
  239         132 
  240         120 
  241         101 
  242         102 
  243         108 
  244          95 
  245         120 
  246          93 
  247          92 
  248          81 
  249          98 
  250          91 
  251          87 
  252          80 
  253          92 
  254         105 
  255          84 
  256          83 
  257          72 
  258          75 
  259          70 
  260          70 
  261          84 
  262          81 
  263          72 
  264          68 
  265          81 
  266          77 
  267          69 
  268          45 
  269          43 
  270          47 
  271          71 
  272          32 
  273          60 
  274          48 
  275          51 
  276          47 
  277          48 
  278          42 
  279          54 
  280          40 
  281          53 
  282          50 
  283          61 
  284          45 
  285          42 
  286          47 
  287          40 
  288          31 
  289          29 
  290          39 
  291          37 
  292          33 
  293          41 
  294          24 
  295          39 
  296          37 
  297          27 
  298          27 
  299          41 
  300          34 
  301          35 
  302          31 
  303          31 
  304          30 
  305          29 
  306          33 
  307          41 
  308          29 
  309          32 
  310          22 
  311          23 
  312          35 
  313          25 
  314          26 
  315          29 
  316          34 
  317          34 
  318          28 
  319          30 
  320          32 
  321          27 
  322          31 
  323          32 
  324          26 
  325          33 
  326          43 
  327          25 
  328          26 
  329          24 
  330          35 
  331          29 
  332          29 
  333          25 
  334          24 
  335          33 
  336          27 
  337          35 
  338          27 
  339          32 
  340          31 
  341          26 
  342          36 
  343          31 
  344          30 
  345          34 
  346          32 
  347          33 
  348          18 
  349          24 
  350          28 
  351          19 
  352          31 
  353          25 
  354          35 
  355          32 
  356          28 
  357          37 
  358          27 
  359          33 
  360          22 
  361          32 
  362          30 
  363          40 
  364          35 
  365          26 
  366          34 
  367          21 
  368          30 
  369          41 
  370          27 
  371          34 
  372          39 
  373          37 
  374          30 
  375          26 
  376          39 
  377          31 
  378          34 
  379          38 
  380          35 
  381          17 
  382          30 
  383          22 
  384          42 
  385          28 
  386          39 
  387          27 
  388          27 
  389          42 
  390          46 
  391          38 
  392          33 
  393          39 
  394          44 
  395          32 
  396          32 
  397          36 
  398          33 
  399          41 
  400          29 
  401          35 
  402          34 
  403          33 
  404          38 
  405          20 
  406          23 
  407          35 
  408          20 
  409          43 
  410          39 
  411          35 
  412          34 
  413          30 
  414          36 
  415          28 
  416          29 
  417          29 
  418          22 
  419          30 
  420          31 
  421          21 
  422          28 
  423          30 
  424          24 
  425          30 
  426          25 
  427          26 
  428          23 
  429          25 
  430          19 
  431          12 
  432          26 
  433          21 
  434          13 
  435          20 
  436          21 
  437          11 
  438          22 
  439          17 
  440          22 
  441          19 
  442          15 
  443          19 
  444          18 
  445          22 
  446          21 
  447          12 
  448          14 
  449          10 
  450           9 
  451           9 
  452           9 
  453           6 
  454           7 
  455           8 
  456          13 
  457           8 
  458          18 
  459          10 
  460          11 
  461          11 
  462          15 
  463           9 
  464          12 
  465          15 
  466          13 
  467           8 
  468           8 
  469           7 
  470          12 
  471          10 
  472          11 
  473          11 
  474          11 
  475          22 
  476          16 
  477          17 
  478          33 
  479          16 
  480          15 
  481          19 
  482          23 
  483          16 
  484          28 
  485          20 
  486          17 
  487          25 
  488          24 
  489          26 
  490          36 
  491          33 
  492          32 
  493          36 
  494          31 
  495          36 
  496          33 
  497          28 
  498          29 
  499          32 
  500          10 
  501           0 
  502           0 
  503           0 
  504           0 
  505           0 
  506           0 
  507           0 
  508           0 
  509           0 
  510           0 
  511           0 
  512           0 
