    1           0 
    2           0 
    3           0 
    4           0 
    5           0 
    6           0 
    7           0 
    8           0 
    9           2 
   10         415 
   11         513 
   12         471 
   13         520 
   14         456 
   15         451 
   16         513 
   17         476 
   18         541 
   19         571 
   20         568 
   21         634 
   22         643 
   23         613 
   24         678 
   25         626 
   26         626 
   27         604 
   28         546 
   29         566 
   30         533 
   31         531 
   32         518 
   33         574 
   34         564 
   35         539 
   36         572 
   37         533 
   38         574 
   39         555 
   40         671 
   41         621 
   42         625 
   43         598 
   44         620 
   45         613 
   46         630 
   47         649 
   48         620 
   49         638 
   50         636 
   51         639 
   52         692 
   53         655 
   54         684 
   55         639 
   56         674 
   57         642 
   58         642 
   59         644 
   60         694 
   61         616 
   62         699 
   63         603 
   64         578 
   65         623 
   66         642 
   67         651 
   68         664 
   69         640 
   70         578 
   71         640 
   72         601 
   73         622 
   74         644 
   75         639 
   76         619 
   77         617 
   78         635 
   79         599 
   80         607 
   81         607 
   82         603 
   83         589 
   84         565 
   85         561 
   86         554 
   87         566 
   88         551 
   89         526 
   90         512 
   91         559 
   92         505 
   93         499 
   94         519 
   95         461 
   96         506 
   97         472 
   98         477 
   99         458 
  100         466 
  101         486 
  102         445 
  103         473 
  104         446 
  105         447 
  106         422 
  107         414 
  108         444 
  109         457 
  110         391 
  111         428 
  112         423 
  113         397 
  114         417 
  115         408 
  116         403 
  117         397 
  118         393 
  119         370 
  120         377 
  121         345 
  122         361 
  123         384 
  124         351 
  125         349 
  126         352 
  127         373 
  128         347 
  129         321 
  130         353 
  131         339 
  132         315 
  133         306 
  134         341 
  135         320 
  136         314 
  137         315 
  138         330 
  139         339 
  140         311 
  141         354 
  142         311 
  143         299 
  144         306 
  145         318 
  146         317 
  147         306 
  148         311 
  149         308 
  150         294 
  151         288 
  152         315 
  153         288 
  154         292 
  155         270 
  156         288 
  157         308 
  158         275 
  159         297 
  160         288 
  161         292 
  162         287 
  163         283 
  164         275 
  165         314 
  166         287 
  167         257 
  168         259 
  169         287 
  170         255 
  171         282 
  172         260 
  173         241 
  174         250 
  175         290 
  176         251 
  177         262 
  178         283 
  179         243 
  180         250 
  181         259 
  182         264 
  183         234 
  184         234 
  185         237 
  186         256 
  187         211 
  188         243 
  189         231 
  190         236 
  191         225 
  192         246 
  193         266 
  194         215 
  195         229 
  196         216 
  197         247 
  198         228 
  199         227 
  200         219 
  201         207 
  202         234 
  203         254 
  204         238 
  205         209 
  206         260 
  207         220 
  208         228 
  209         225 
  210         227 
  211         220 
  212         249 
  213         205 
  214         211 
  215         198 
  216         212 
  217         200 
  218         203 
  219         214 
  220         217 
  221         179 
  222         190 
  223         207 
  224         223 
  225         211 
  226         217 
  227         213 
  228         202 
  229         194 
  230         192 
  231         195 
  232         196 
  233         218 
  234         224 
  235         225 
  236         208 
  237         188 
  238         203 
  239         180 
  240         194 
  241         187 
  242         203 
  243         189 
  244         189 
  245         198 
  246         176 
  247         163 
  248         190 
  249         195 
  250         179 
  251         171 
  252         178 
  253         186 
  254         202 
  255         185 
  256         207 
  257         198 
  258         198 
  259         177 
  260         187 
  261         191 
  262         177 
  263         176 
  264         186 
  265         181 
  266         144 
  267         176 
  268         179 
  269         173 
  270         163 
  271         178 
  272         182 
  273         176 
  274         190 
  275         156 
  276         146 
  277         178 
  278         180 
  279         171 
  280         166 
  281         177 
  282         178 
  283         173 
  284         166 
  285         179 
  286         185 
  287         187 
  288         197 
  289         155 
  290         168 
  291         181 
  292         178 
  293         159 
  294         179 
  295         202 
  296         175 
  297         176 
  298         151 
  299         154 
  300         170 
  301         149 
  302         161 
  303         157 
  304         159 
  305         198 
  306         177 
  307         166 
  308         155 
  309         169 
  310         142 
  311         141 
  312         192 
  313         171 
  314         161 
  315         169 
  316         163 
  317         155 
  318         165 
  319         173 
  320         181 
  321         189 
  322         188 
  323         162 
  324         156 
  325         181 
  326         187 
  327         159 
  328         158 
  329         148 
  330         154 
  331         191 
  332         157 
  333         168 
  334         187 
  335         175 
  336         184 
  337         180 
  338         166 
  339         158 
  340         198 
  341         166 
  342         164 
  343         185 
  344         180 
  345         171 
  346         180 
  347         171 
  348         196 
  349         159 
  350         181 
  351         209 
  352         186 
  353         210 
  354         182 
  355         174 
  356         174 
  357         164 
  358         185 
  359         190 
  360         204 
  361         174 
  362         188 
  363         203 
  364         203 
  365         196 
  366         179 
  367         190 
  368         194 
  369         194 
  370         192 
  371         175 
  372         183 
  373         193 
  374         203 
  375         195 
  376         184 
  377         185 
  378         181 
  379         164 
  380         189 
  381         179 
  382         180 
  383         210 
  384         186 
  385         172 
  386         162 
  387         186 
  388         175 
  389         153 
  390         178 
  391         152 
  392         173 
  393         179 
  394         175 
  395         162 
  396         175 
  397         178 
  398         140 
  399         144 
  400         146 
  401         169 
  402         165 
  403         158 
  404         154 
  405         146 
  406         142 
  407         136 
  408         144 
  409         147 
  410         140 
  411         151 
  412         132 
  413         132 
  414         138 
  415         142 
  416         129 
  417         148 
  418         147 
  419         139 
  420         141 
  421         135 
  422         142 
  423         113 
  424         108 
  425         113 
  426         123 
  427         110 
  428         134 
  429         118 
  430         143 
  431         122 
  432         126 
  433         128 
  434         107 
  435         143 
  436         134 
  437         112 
  438         126 
  439         122 
  440         126 
  441         128 
  442         142 
  443         121 
  444         119 
  445         110 
  446         128 
  447         111 
  448         134 
  449         118 
  450         118 
  451         116 
  452         153 
  453         123 
  454         141 
  455         133 
  456         151 
  457         155 
  458         141 
  459         167 
  460         135 
  461         155 
  462         129 
  463         170 
  464         158 
  465         130 
  466         145 
  467         154 
  468         124 
  469         154 
  470         136 
  471         147 
  472         137 
  473         150 
  474         143 
  475         151 
  476         131 
  477         143 
  478         125 
  479         142 
  480         140 
  481         136 
  482         110 
  483         134 
  484         109 
  485         109 
  486         130 
  487         106 
  488         114 
  489          94 
  490         112 
  491         122 
  492         139 
  493          92 
  494         119 
  495          97 
  496          80 
  497          81 
  498          85 
  499         105 
  500          55 
  501           0 
  502           0 
  503           0 
  504           0 
  505           0 
  506           0 
  507           0 
  508           0 
  509           0 
  510           0 
  511           0 
  512           0 
