    1           0 
    2           0 
    3           0 
    4           0 
    5           0 
    6           0 
    7           0 
    8           0 
    9           0 
   10          19 
   11          23 
   12          12 
   13          25 
   14          19 
   15          20 
   16          28 
   17          21 
   18          43 
   19          35 
   20          53 
   21          54 
   22          69 
   23          67 
   24          83 
   25          51 
   26          59 
   27          55 
   28          37 
   29          43 
   30          32 
   31          32 
   32          34 
   33          24 
   34          29 
   35          21 
   36          28 
   37          22 
   38          21 
   39          16 
   40          17 
   41          30 
   42          26 
   43          20 
   44          29 
   45          30 
   46          20 
   47          19 
   48          18 
   49          13 
   50          17 
   51          24 
   52          25 
   53          28 
   54          33 
   55          24 
   56          27 
   57          19 
   58          23 
   59          19 
   60          24 
   61          16 
   62          19 
   63          20 
   64          18 
   65          22 
   66          28 
   67          21 
   68          28 
   69          15 
   70          32 
   71          18 
   72          26 
   73          19 
   74          21 
   75          17 
   76          20 
   77          18 
   78          25 
   79          14 
   80          12 
   81          16 
   82          11 
   83          17 
   84          20 
   85          26 
   86          16 
   87          12 
   88          15 
   89          11 
   90          12 
   91          11 
   92          13 
   93          17 
   94          17 
   95          17 
   96          17 
   97          22 
   98           5 
   99          14 
  100          10 
  101          11 
  102          13 
  103          11 
  104          12 
  105          18 
  106           5 
  107          10 
  108          13 
  109          11 
  110          10 
  111           6 
  112          16 
  113          10 
  114           5 
  115           9 
  116           9 
  117          15 
  118           8 
  119          10 
  120          11 
  121           8 
  122           6 
  123           5 
  124          10 
  125          11 
  126           7 
  127           9 
  128           6 
  129          11 
  130           4 
  131           9 
  132          12 
  133           7 
  134           4 
  135           8 
  136           9 
  137           5 
  138           7 
  139           1 
  140           7 
  141           5 
  142           9 
  143          11 
  144           5 
  145           5 
  146           8 
  147           7 
  148           9 
  149           7 
  150           9 
  151           7 
  152           9 
  153           5 
  154           8 
  155          10 
  156           5 
  157          12 
  158          11 
  159          11 
  160           6 
  161           4 
  162          12 
  163           2 
  164          11 
  165           5 
  166           9 
  167           4 
  168          12 
  169           4 
  170           6 
  171           8 
  172          11 
  173          10 
  174          10 
  175          11 
  176           6 
  177           9 
  178          12 
  179          11 
  180          11 
  181          13 
  182           7 
  183           9 
  184          11 
  185          14 
  186          17 
  187          12 
  188          12 
  189          21 
  190           8 
  191          13 
  192          16 
  193          11 
  194          18 
  195           9 
  196           8 
  197           9 
  198          11 
  199          17 
  200          16 
  201          10 
  202          10 
  203          11 
  204          11 
  205          13 
  206          10 
  207           7 
  208          10 
  209           3 
  210           6 
  211           7 
  212           5 
  213           2 
  214           3 
  215           1 
  216           4 
  217           5 
  218           3 
  219           4 
  220           5 
  221           4 
  222           6 
  223           4 
  224           8 
  225           1 
  226           2 
  227           3 
  228           2 
  229           1 
  230           2 
  231           0 
  232           1 
  233           0 
  234           1 
  235           2 
  236           3 
  237           0 
  238           2 
  239           1 
  240           2 
  241           2 
  242           0 
  243           1 
  244           3 
  245           1 
  246           2 
  247           3 
  248           1 
  249           2 
  250           1 
  251           1 
  252           3 
  253           2 
  254           2 
  255           2 
  256           0 
  257           2 
  258           1 
  259           1 
  260           2 
  261           0 
  262           1 
  263           0 
  264           1 
  265           0 
  266           2 
  267           0 
  268           1 
  269           1 
  270           0 
  271           0 
  272           0 
  273           0 
  274           0 
  275           0 
  276           0 
  277           0 
  278           1 
  279           1 
  280           1 
  281           1 
  282           0 
  283           0 
  284           0 
  285           0 
  286           1 
  287           0 
  288           1 
  289           0 
  290           1 
  291           0 
  292           1 
  293           0 
  294           0 
  295           0 
  296           1 
  297           0 
  298           1 
  299           0 
  300           2 
  301           0 
  302           1 
  303           0 
  304           0 
  305           0 
  306           0 
  307           1 
  308           0 
  309           1 
  310           0 
  311           0 
  312           1 
  313           0 
  314           0 
  315           0 
  316           0 
  317           0 
  318           0 
  319           0 
  320           0 
  321           1 
  322           0 
  323           0 
  324           0 
  325           1 
  326           2 
  327           1 
  328           1 
  329           1 
  330           0 
  331           0 
  332           0 
  333           1 
  334           0 
  335           0 
  336           0 
  337           0 
  338           2 
  339           0 
  340           1 
  341           1 
  342           0 
  343           1 
  344           0 
  345           0 
  346           0 
  347           0 
  348           0 
  349           1 
  350           0 
  351           1 
  352           2 
  353           0 
  354           0 
  355           2 
  356           0 
  357           1 
  358           0 
  359           1 
  360           0 
  361           1 
  362           1 
  363           0 
  364           1 
  365           1 
  366           0 
  367           0 
  368           0 
  369           0 
  370           0 
  371           0 
  372           0 
  373           0 
  374           0 
  375           0 
  376           0 
  377           0 
  378           0 
  379           0 
  380           0 
  381           0 
  382           1 
  383           0 
  384           1 
  385           0 
  386           0 
  387           1 
  388           1 
  389           1 
  390           0 
  391           1 
  392           0 
  393           0 
  394           0 
  395           1 
  396           0 
  397           0 
  398           0 
  399           0 
  400           0 
  401           0 
  402           0 
  403           0 
  404           0 
  405           0 
  406           0 
  407           0 
  408           0 
  409           0 
  410           0 
  411           1 
  412           0 
  413           0 
  414           1 
  415           0 
  416           0 
  417           0 
  418           0 
  419           0 
  420           0 
  421           0 
  422           1 
  423           0 
  424           0 
  425           0 
  426           0 
  427           0 
  428           0 
  429           0 
  430           0 
  431           0 
  432           0 
  433           0 
  434           0 
  435           1 
  436           0 
  437           0 
  438           1 
  439           0 
  440           0 
  441           0 
  442           0 
  443           0 
  444           0 
  445           1 
  446           0 
  447           1 
  448           0 
  449           3 
  450           0 
  451           0 
  452           0 
  453           1 
  454           0 
  455           1 
  456           0 
  457           0 
  458           2 
  459           0 
  460           1 
  461           0 
  462           0 
  463           0 
  464           0 
  465           0 
  466           0 
  467           0 
  468           0 
  469           0 
  470           0 
  471           0 
  472           0 
  473           0 
  474           0 
  475           1 
  476           0 
  477           0 
  478           1 
  479           0 
  480           0 
  481           0 
  482           0 
  483           1 
  484           0 
  485           0 
  486           0 
  487           0 
  488           0 
  489           0 
  490           0 
  491           0 
  492           0 
  493           0 
  494           0 
  495           0 
  496           0 
  497           1 
  498           0 
  499           0 
  500           0 
  501           0 
  502           0 
  503           0 
  504           0 
  505           0 
  506           0 
  507           0 
  508           0 
  509           0 
  510           0 
  511           0 
  512           0 
