    1           0 
    2           0 
    3           0 
    4           0 
    5           0 
    6           0 
    7           0 
    8           0 
    9           1 
   10          18 
   11          36 
   12          35 
   13          45 
   14          31 
   15          29 
   16          33 
   17          37 
   18          51 
   19          69 
   20          69 
   21          80 
   22          77 
   23         116 
   24         111 
   25         107 
   26          78 
   27          64 
   28          55 
   29          45 
   30          43 
   31          40 
   32          39 
   33          34 
   34          40 
   35          29 
   36          24 
   37          28 
   38          30 
   39          38 
   40          34 
   41          28 
   42          31 
   43          36 
   44          32 
   45          42 
   46          27 
   47          40 
   48          45 
   49          43 
   50          34 
   51          40 
   52          32 
   53          35 
   54          38 
   55          41 
   56          26 
   57          30 
   58          39 
   59          32 
   60          49 
   61          35 
   62          41 
   63          40 
   64          31 
   65          35 
   66          33 
   67          26 
   68          34 
   69          27 
   70          25 
   71          33 
   72          33 
   73          28 
   74          29 
   75          25 
   76          18 
   77          24 
   78          38 
   79          30 
   80          24 
   81          24 
   82          26 
   83          16 
   84          19 
   85          30 
   86          25 
   87          17 
   88          21 
   89          23 
   90          16 
   91          19 
   92          23 
   93          17 
   94          15 
   95          31 
   96          24 
   97          24 
   98          27 
   99          21 
  100          14 
  101          20 
  102          13 
  103          23 
  104          16 
  105          24 
  106           7 
  107          18 
  108          19 
  109          16 
  110          24 
  111          28 
  112          16 
  113          26 
  114          16 
  115          20 
  116          23 
  117          14 
  118          16 
  119          14 
  120          13 
  121          12 
  122          23 
  123          13 
  124          14 
  125           7 
  126          18 
  127          11 
  128          12 
  129          11 
  130          13 
  131          13 
  132          12 
  133          14 
  134          13 
  135          16 
  136          10 
  137          13 
  138          11 
  139          11 
  140           9 
  141           8 
  142           9 
  143           5 
  144          12 
  145          14 
  146           8 
  147           8 
  148           7 
  149          20 
  150          11 
  151          18 
  152           8 
  153          10 
  154          12 
  155           7 
  156           7 
  157          12 
  158           9 
  159           8 
  160          10 
  161           4 
  162          11 
  163          10 
  164           7 
  165           8 
  166           7 
  167          14 
  168           5 
  169          12 
  170           9 
  171          13 
  172          16 
  173          13 
  174           8 
  175           7 
  176           8 
  177          17 
  178           9 
  179          10 
  180          15 
  181           9 
  182           8 
  183          14 
  184          15 
  185          13 
  186          11 
  187          17 
  188          13 
  189          23 
  190           8 
  191          16 
  192          11 
  193          14 
  194          19 
  195          24 
  196           9 
  197          22 
  198          20 
  199          24 
  200          26 
  201          16 
  202          25 
  203          17 
  204          18 
  205          33 
  206          18 
  207          19 
  208          23 
  209          21 
  210          21 
  211          24 
  212          25 
  213          26 
  214          23 
  215          25 
  216          21 
  217          34 
  218          24 
  219          26 
  220          26 
  221          16 
  222          26 
  223          17 
  224          19 
  225          19 
  226          19 
  227          13 
  228          12 
  229          17 
  230          13 
  231          13 
  232          11 
  233           9 
  234           7 
  235          11 
  236          16 
  237          13 
  238           9 
  239           6 
  240           9 
  241          11 
  242           9 
  243           8 
  244           7 
  245           6 
  246           7 
  247          13 
  248           5 
  249           9 
  250           3 
  251           7 
  252           6 
  253           2 
  254           5 
  255           4 
  256           1 
  257           5 
  258           4 
  259           5 
  260           1 
  261           5 
  262           8 
  263           7 
  264           4 
  265           0 
  266           3 
  267           2 
  268           2 
  269           5 
  270           3 
  271           3 
  272           2 
  273           1 
  274           1 
  275           3 
  276           2 
  277           1 
  278           1 
  279           5 
  280           1 
  281           2 
  282           1 
  283           1 
  284           2 
  285           0 
  286           1 
  287           3 
  288           0 
  289           1 
  290           3 
  291           2 
  292           0 
  293           0 
  294           0 
  295           1 
  296           0 
  297           0 
  298           0 
  299           1 
  300           1 
  301           1 
  302           2 
  303           0 
  304           3 
  305           1 
  306           0 
  307           1 
  308           0 
  309           0 
  310           2 
  311           0 
  312           0 
  313           1 
  314           0 
  315           0 
  316           1 
  317           1 
  318           2 
  319           0 
  320           3 
  321           0 
  322           0 
  323           0 
  324           1 
  325           0 
  326           0 
  327           1 
  328           0 
  329           0 
  330           0 
  331           0 
  332           0 
  333           1 
  334           0 
  335           0 
  336           1 
  337           0 
  338           1 
  339           2 
  340           1 
  341           0 
  342           0 
  343           0 
  344           0 
  345           0 
  346           1 
  347           0 
  348           0 
  349           1 
  350           0 
  351           0 
  352           1 
  353           0 
  354           1 
  355           0 
  356           0 
  357           1 
  358           0 
  359           0 
  360           0 
  361           1 
  362           0 
  363           0 
  364           1 
  365           0 
  366           1 
  367           0 
  368           0 
  369           0 
  370           0 
  371           0 
  372           0 
  373           2 
  374           0 
  375           0 
  376           0 
  377           0 
  378           0 
  379           0 
  380           0 
  381           0 
  382           0 
  383           0 
  384           1 
  385           0 
  386           0 
  387           1 
  388           0 
  389           0 
  390           0 
  391           0 
  392           0 
  393           0 
  394           1 
  395           0 
  396           0 
  397           0 
  398           0 
  399           0 
  400           0 
  401           1 
  402           2 
  403           1 
  404           1 
  405           0 
  406           0 
  407           0 
  408           0 
  409           0 
  410           0 
  411           0 
  412           0 
  413           0 
  414           1 
  415           1 
  416           0 
  417           0 
  418           0 
  419           0 
  420           1 
  421           0 
  422           0 
  423           0 
  424           0 
  425           0 
  426           0 
  427           0 
  428           0 
  429           0 
  430           1 
  431           1 
  432           1 
  433           0 
  434           0 
  435           0 
  436           0 
  437           0 
  438           0 
  439           0 
  440           1 
  441           1 
  442           0 
  443           1 
  444           1 
  445           0 
  446           0 
  447           0 
  448           0 
  449           1 
  450           0 
  451           0 
  452           0 
  453           0 
  454           0 
  455           1 
  456           1 
  457           1 
  458           0 
  459           0 
  460           0 
  461           0 
  462           0 
  463           0 
  464           0 
  465           0 
  466           0 
  467           1 
  468           1 
  469           1 
  470           0 
  471           0 
  472           0 
  473           0 
  474           0 
  475           0 
  476           0 
  477           1 
  478           0 
  479           0 
  480           0 
  481           0 
  482           0 
  483           0 
  484           1 
  485           1 
  486           3 
  487           1 
  488           1 
  489           0 
  490           0 
  491           0 
  492           0 
  493           0 
  494           0 
  495           0 
  496           0 
  497           0 
  498           0 
  499           0 
  500           0 
  501           0 
  502           0 
  503           0 
  504           0 
  505           0 
  506           0 
  507           0 
  508           0 
  509           0 
  510           0 
  511           0 
  512           0 
