    1           0 
    2           0 
    3           0 
    4           0 
    5           0 
    6           0 
    7           0 
    8           0 
    9           2 
   10          67 
   11          83 
   12          65 
   13          57 
   14          70 
   15          55 
   16          69 
   17          60 
   18          64 
   19          72 
   20          80 
   21          82 
   22          86 
   23          79 
   24          86 
   25          82 
   26          83 
   27          74 
   28          43 
   29          60 
   30          55 
   31          75 
   32          64 
   33          64 
   34          69 
   35          82 
   36          71 
   37          75 
   38          70 
   39          88 
   40          70 
   41          86 
   42          93 
   43          76 
   44          78 
   45          91 
   46          95 
   47         109 
   48          70 
   49          90 
   50          66 
   51          79 
   52          49 
   53          50 
   54          69 
   55          45 
   56          53 
   57          58 
   58          58 
   59          61 
   60          36 
   61          43 
   62          43 
   63          47 
   64          40 
   65          49 
   66          32 
   67          40 
   68          31 
   69          42 
   70          45 
   71          46 
   72          31 
   73          45 
   74          29 
   75          32 
   76          36 
   77          29 
   78          38 
   79          36 
   80          35 
   81          65 
   82          38 
   83          54 
   84          35 
   85          53 
   86          60 
   87          64 
   88          72 
   89          88 
   90          95 
   91         117 
   92         116 
   93         151 
   94         157 
   95         152 
   96         189 
   97         224 
   98         222 
   99         222 
  100         261 
  101         248 
  102         261 
  103         263 
  104         248 
  105         253 
  106         249 
  107         236 
  108         240 
  109         218 
  110         225 
  111         182 
  112         161 
  113         162 
  114         154 
  115         130 
  116         149 
  117         134 
  118          95 
  119          97 
  120          95 
  121          94 
  122          89 
  123          86 
  124          76 
  125          44 
  126          65 
  127          57 
  128          48 
  129          44 
  130          35 
  131          33 
  132          37 
  133          30 
  134          35 
  135          33 
  136          34 
  137          21 
  138          21 
  139          17 
  140          31 
  141          19 
  142          27 
  143          15 
  144          22 
  145          14 
  146          10 
  147          13 
  148          16 
  149          17 
  150          12 
  151           8 
  152           8 
  153          10 
  154           6 
  155          10 
  156           9 
  157          10 
  158           5 
  159           9 
  160           4 
  161           5 
  162           8 
  163           9 
  164           2 
  165           3 
  166           5 
  167           0 
  168           6 
  169           2 
  170           3 
  171           1 
  172           3 
  173           2 
  174           1 
  175           4 
  176           3 
  177           0 
  178           0 
  179           1 
  180           0 
  181           1 
  182           2 
  183           1 
  184           2 
  185           2 
  186           0 
  187           0 
  188           1 
  189           1 
  190           1 
  191           0 
  192           1 
  193           1 
  194           4 
  195           0 
  196           1 
  197           1 
  198           5 
  199           1 
  200           4 
  201           0 
  202           0 
  203           0 
  204           2 
  205           1 
  206           1 
  207           2 
  208           0 
  209           0 
  210           2 
  211           0 
  212           1 
  213           0 
  214           1 
  215           0 
  216           1 
  217           1 
  218           0 
  219           1 
  220           0 
  221           0 
  222           0 
  223           1 
  224           1 
  225           0 
  226           1 
  227           1 
  228           0 
  229           1 
  230           2 
  231           0 
  232           0 
  233           0 
  234           0 
  235           0 
  236           1 
  237           1 
  238           0 
  239           0 
  240           0 
  241           1 
  242           3 
  243           1 
  244           4 
  245           0 
  246           1 
  247           1 
  248           1 
  249           0 
  250           1 
  251           0 
  252           0 
  253           2 
  254           1 
  255           0 
  256           2 
  257           0 
  258           1 
  259           1 
  260           0 
  261           1 
  262           0 
  263           0 
  264           1 
  265           1 
  266           1 
  267           0 
  268           0 
  269           2 
  270           1 
  271           1 
  272           0 
  273           0 
  274           0 
  275           1 
  276           0 
  277           0 
  278           0 
  279           1 
  280           0 
  281           0 
  282           1 
  283           0 
  284           0 
  285           2 
  286           1 
  287           0 
  288           0 
  289           0 
  290           1 
  291           0 
  292           1 
  293           1 
  294           0 
  295           1 
  296           1 
  297           1 
  298           0 
  299           0 
  300           0 
  301           0 
  302           0 
  303           0 
  304           0 
  305           1 
  306           0 
  307           1 
  308           1 
  309           0 
  310           0 
  311           0 
  312           0 
  313           0 
  314           0 
  315           0 
  316           0 
  317           0 
  318           0 
  319           1 
  320           0 
  321           0 
  322           1 
  323           0 
  324           0 
  325           0 
  326           0 
  327           1 
  328           0 
  329           0 
  330           1 
  331           1 
  332           0 
  333           0 
  334           1 
  335           0 
  336           0 
  337           1 
  338           0 
  339           1 
  340           0 
  341           1 
  342           0 
  343           1 
  344           0 
  345           0 
  346           1 
  347           0 
  348           1 
  349           1 
  350           1 
  351           0 
  352           0 
  353           0 
  354           1 
  355           0 
  356           2 
  357           0 
  358           1 
  359           0 
  360           0 
  361           1 
  362           0 
  363           0 
  364           1 
  365           0 
  366           0 
  367           0 
  368           0 
  369           1 
  370           0 
  371           0 
  372           1 
  373           0 
  374           0 
  375           0 
  376           0 
  377           0 
  378           0 
  379           0 
  380           0 
  381           0 
  382           0 
  383           0 
  384           0 
  385           2 
  386           0 
  387           0 
  388           0 
  389           0 
  390           0 
  391           0 
  392           1 
  393           0 
  394           0 
  395           0 
  396           0 
  397           0 
  398           0 
  399           0 
  400           0 
  401           1 
  402           0 
  403           0 
  404           1 
  405           0 
  406           0 
  407           0 
  408           0 
  409           2 
  410           0 
  411           0 
  412           0 
  413           0 
  414           2 
  415           0 
  416           0 
  417           0 
  418           0 
  419           0 
  420           1 
  421           0 
  422           0 
  423           0 
  424           0 
  425           0 
  426           0 
  427           0 
  428           0 
  429           0 
  430           1 
  431           0 
  432           0 
  433           1 
  434           0 
  435           0 
  436           0 
  437           1 
  438           0 
  439           0 
  440           0 
  441           0 
  442           0 
  443           0 
  444           0 
  445           0 
  446           1 
  447           0 
  448           0 
  449           0 
  450           0 
  451           0 
  452           0 
  453           0 
  454           0 
  455           0 
  456           0 
  457           2 
  458           0 
  459           0 
  460           0 
  461           0 
  462           0 
  463           0 
  464           0 
  465           0 
  466           1 
  467           2 
  468           0 
  469           0 
  470           0 
  471           0 
  472           0 
  473           0 
  474           0 
  475           0 
  476           0 
  477           0 
  478           0 
  479           0 
  480           1 
  481           0 
  482           0 
  483           0 
  484           0 
  485           0 
  486           0 
  487           0 
  488           0 
  489           0 
  490           0 
  491           0 
  492           0 
  493           1 
  494           0 
  495           0 
  496           1 
  497           0 
  498           0 
  499           0 
  500           0 
  501           0 
  502           0 
  503           0 
  504           0 
  505           0 
  506           0 
  507           0 
  508           0 
  509           0 
  510           0 
  511           0 
  512           0 
