    1           0 
    2           0 
    3           0 
    4           0 
    5           0 
    6           0 
    7           0 
    8           0 
    9           5 
   10         388 
   11         437 
   12         413 
   13         392 
   14         444 
   15         392 
   16         431 
   17         419 
   18         463 
   19         458 
   20         535 
   21         562 
   22         626 
   23         618 
   24         630 
   25         618 
   26         576 
   27         571 
   28         524 
   29         477 
   30         515 
   31         512 
   32         460 
   33         472 
   34         482 
   35         464 
   36         457 
   37         480 
   38         449 
   39         522 
   40         489 
   41         457 
   42         522 
   43         455 
   44         512 
   45         479 
   46         481 
   47         509 
   48         493 
   49         480 
   50         487 
   51         532 
   52         527 
   53         526 
   54         516 
   55         536 
   56         467 
   57         536 
   58         530 
   59         514 
   60         522 
   61         527 
   62         533 
   63         515 
   64         584 
   65         569 
   66         544 
   67         541 
   68         534 
   69         527 
   70         520 
   71         503 
   72         498 
   73         524 
   74         504 
   75         528 
   76         501 
   77         457 
   78         496 
   79         485 
   80         468 
   81         489 
   82         474 
   83         420 
   84         433 
   85         433 
   86         420 
   87         465 
   88         448 
   89         441 
   90         404 
   91         441 
   92         397 
   93         357 
   94         386 
   95         382 
   96         388 
   97         375 
   98         390 
   99         375 
  100         343 
  101         368 
  102         384 
  103         343 
  104         327 
  105         351 
  106         330 
  107         335 
  108         306 
  109         315 
  110         340 
  111         345 
  112         344 
  113         349 
  114         267 
  115         317 
  116         313 
  117         303 
  118         325 
  119         314 
  120         282 
  121         324 
  122         322 
  123         268 
  124         337 
  125         331 
  126         286 
  127         304 
  128         294 
  129         298 
  130         306 
  131         297 
  132         298 
  133         284 
  134         305 
  135         288 
  136         299 
  137         309 
  138         274 
  139         289 
  140         292 
  141         296 
  142         292 
  143         315 
  144         299 
  145         318 
  146         277 
  147         278 
  148         299 
  149         286 
  150         304 
  151         270 
  152         270 
  153         252 
  154         280 
  155         280 
  156         306 
  157         284 
  158         290 
  159         279 
  160         237 
  161         238 
  162         260 
  163         268 
  164         219 
  165         265 
  166         253 
  167         263 
  168         231 
  169         223 
  170         224 
  171         222 
  172         224 
  173         223 
  174         223 
  175         176 
  176         205 
  177         156 
  178         188 
  179         188 
  180         181 
  181         186 
  182         172 
  183         171 
  184         164 
  185         143 
  186         157 
  187         164 
  188         155 
  189         144 
  190         141 
  191         152 
  192         159 
  193         120 
  194         122 
  195         135 
  196         126 
  197         136 
  198         118 
  199         128 
  200         120 
  201         117 
  202         112 
  203         116 
  204         110 
  205         108 
  206         115 
  207         103 
  208          93 
  209         100 
  210          91 
  211         118 
  212         114 
  213         117 
  214         118 
  215         128 
  216         107 
  217         139 
  218         112 
  219         109 
  220         129 
  221         129 
  222         137 
  223         146 
  224         151 
  225         152 
  226         153 
  227         152 
  228         180 
  229         201 
  230         166 
  231         196 
  232         214 
  233         240 
  234         221 
  235         248 
  236         234 
  237         275 
  238         308 
  239         310 
  240         286 
  241         327 
  242         346 
  243         339 
  244         363 
  245         378 
  246         397 
  247         428 
  248         384 
  249         464 
  250         438 
  251         438 
  252         439 
  253         425 
  254         443 
  255         461 
  256         435 
  257         446 
  258         468 
  259         460 
  260         467 
  261         454 
  262         450 
  263         387 
  264         431 
  265         401 
  266         379 
  267         364 
  268         345 
  269         325 
  270         325 
  271         342 
  272         322 
  273         306 
  274         254 
  275         272 
  276         255 
  277         272 
  278         246 
  279         234 
  280         245 
  281         199 
  282         193 
  283         189 
  284         180 
  285         189 
  286         186 
  287         182 
  288         177 
  289         165 
  290         154 
  291         127 
  292         157 
  293         127 
  294         117 
  295         139 
  296         132 
  297         116 
  298         103 
  299          94 
  300         111 
  301         106 
  302         100 
  303         110 
  304          94 
  305          83 
  306          84 
  307         105 
  308          68 
  309          79 
  310          99 
  311          78 
  312          66 
  313          80 
  314          62 
  315          64 
  316          60 
  317          71 
  318          61 
  319          57 
  320          59 
  321          68 
  322          62 
  323          59 
  324          41 
  325          35 
  326          42 
  327          43 
  328          53 
  329          36 
  330          44 
  331          39 
  332          33 
  333          30 
  334          29 
  335          29 
  336          29 
  337          32 
  338          26 
  339          32 
  340          27 
  341          30 
  342          27 
  343          25 
  344          18 
  345          17 
  346          16 
  347          20 
  348          24 
  349          18 
  350          12 
  351          16 
  352          12 
  353          18 
  354          10 
  355           8 
  356          13 
  357           6 
  358          12 
  359           6 
  360          12 
  361           7 
  362          13 
  363           4 
  364           4 
  365           6 
  366           7 
  367           4 
  368           4 
  369           3 
  370           1 
  371           5 
  372           6 
  373           2 
  374           4 
  375           1 
  376           3 
  377           2 
  378           4 
  379           2 
  380           3 
  381           1 
  382           0 
  383           0 
  384           0 
  385           4 
  386           2 
  387           0 
  388           2 
  389           0 
  390           0 
  391           1 
  392           3 
  393           1 
  394           0 
  395           0 
  396           1 
  397           0 
  398           1 
  399           0 
  400           1 
  401           1 
  402           1 
  403           0 
  404           0 
  405           1 
  406           0 
  407           1 
  408           0 
  409           1 
  410           0 
  411           0 
  412           0 
  413           0 
  414           0 
  415           0 
  416           1 
  417           0 
  418           1 
  419           0 
  420           0 
  421           0 
  422           1 
  423           0 
  424           1 
  425           0 
  426           0 
  427           0 
  428           1 
  429           0 
  430           1 
  431           0 
  432           0 
  433           0 
  434           0 
  435           0 
  436           0 
  437           1 
  438           1 
  439           0 
  440           0 
  441           1 
  442           0 
  443           0 
  444           0 
  445           0 
  446           3 
  447           0 
  448           0 
  449           0 
  450           0 
  451           0 
  452           0 
  453           1 
  454           0 
  455           0 
  456           0 
  457           0 
  458           0 
  459           1 
  460           0 
  461           0 
  462           0 
  463           0 
  464           0 
  465           0 
  466           0 
  467           0 
  468           1 
  469           0 
  470           0 
  471           0 
  472           0 
  473           0 
  474           0 
  475           0 
  476           1 
  477           0 
  478           0 
  479           1 
  480           0 
  481           1 
  482           0 
  483           0 
  484           0 
  485           0 
  486           0 
  487           0 
  488           1 
  489           0 
  490           0 
  491           0 
  492           0 
  493           0 
  494           0 
  495           0 
  496           1 
  497           0 
  498           0 
  499           0 
  500           0 
  501           0 
  502           0 
  503           0 
  504           0 
  505           0 
  506           0 
  507           0 
  508           0 
  509           0 
  510           0 
  511           0 
  512           0 
