    1           0 
    2           0 
    3           0 
    4           0 
    5           0 
    6           0 
    7           0 
    8           0 
    9           3 
   10          62 
   11          65 
   12          78 
   13          62 
   14          73 
   15          75 
   16          75 
   17          82 
   18         101 
   19         115 
   20         145 
   21         164 
   22         158 
   23         191 
   24         209 
   25         179 
   26         166 
   27         128 
   28         121 
   29         105 
   30          77 
   31         102 
   32          88 
   33          81 
   34          88 
   35          59 
   36          73 
   37          73 
   38          70 
   39          75 
   40          73 
   41          82 
   42          95 
   43          65 
   44          98 
   45          73 
   46          78 
   47          83 
   48          69 
   49          86 
   50          84 
   51          83 
   52          87 
   53          78 
   54          70 
   55          80 
   56          85 
   57          76 
   58          83 
   59          72 
   60          84 
   61          93 
   62          82 
   63          88 
   64          86 
   65          83 
   66         108 
   67          68 
   68          80 
   69          81 
   70          69 
   71          71 
   72          80 
   73          68 
   74          72 
   75          67 
   76          58 
   77          61 
   78          81 
   79          61 
   80          66 
   81          76 
   82          52 
   83          61 
   84          58 
   85          56 
   86          65 
   87          49 
   88          60 
   89          55 
   90          44 
   91          55 
   92          58 
   93          43 
   94          53 
   95          52 
   96          46 
   97          54 
   98          53 
   99          45 
  100          43 
  101          53 
  102          52 
  103          42 
  104          65 
  105          55 
  106          51 
  107          42 
  108          43 
  109          52 
  110          39 
  111          54 
  112          50 
  113          44 
  114          41 
  115          44 
  116          44 
  117          53 
  118          47 
  119          44 
  120          48 
  121          42 
  122          42 
  123          40 
  124          47 
  125          52 
  126          48 
  127          32 
  128          54 
  129          40 
  130          41 
  131          30 
  132          40 
  133          49 
  134          39 
  135          36 
  136          35 
  137          44 
  138          45 
  139          46 
  140          36 
  141          48 
  142          48 
  143          43 
  144          47 
  145          38 
  146          46 
  147          45 
  148          44 
  149          38 
  150          35 
  151          49 
  152          39 
  153          27 
  154          49 
  155          43 
  156          40 
  157          44 
  158          31 
  159          36 
  160          28 
  161          37 
  162          28 
  163          30 
  164          26 
  165          32 
  166          43 
  167          34 
  168          22 
  169          32 
  170          22 
  171          27 
  172          20 
  173          30 
  174          25 
  175          32 
  176          25 
  177          22 
  178          24 
  179          34 
  180          26 
  181          26 
  182          20 
  183          25 
  184          12 
  185          16 
  186          18 
  187          14 
  188          26 
  189          16 
  190          19 
  191          16 
  192          14 
  193          26 
  194          20 
  195          13 
  196          13 
  197          17 
  198          19 
  199          20 
  200          15 
  201          20 
  202          21 
  203          22 
  204          19 
  205          16 
  206          22 
  207          24 
  208          26 
  209          28 
  210          24 
  211          10 
  212          20 
  213          19 
  214          25 
  215          29 
  216          32 
  217          22 
  218          20 
  219          39 
  220          34 
  221          27 
  222          19 
  223          29 
  224          30 
  225          37 
  226          33 
  227          36 
  228          36 
  229          48 
  230          47 
  231          41 
  232          49 
  233          44 
  234          48 
  235          42 
  236          47 
  237          58 
  238          51 
  239          57 
  240          63 
  241          49 
  242          76 
  243          51 
  244          57 
  245          64 
  246          58 
  247          47 
  248          53 
  249          75 
  250          69 
  251          58 
  252          54 
  253          56 
  254          57 
  255          57 
  256          64 
  257          48 
  258          46 
  259          52 
  260          40 
  261          49 
  262          53 
  263          37 
  264          26 
  265          36 
  266          26 
  267          36 
  268          39 
  269          35 
  270          28 
  271          23 
  272          29 
  273          31 
  274          26 
  275          25 
  276          28 
  277          20 
  278          26 
  279          20 
  280          30 
  281          18 
  282          20 
  283          33 
  284          18 
  285          18 
  286          24 
  287          15 
  288          16 
  289          14 
  290          17 
  291          17 
  292          19 
  293          12 
  294          15 
  295           8 
  296          13 
  297          10 
  298          15 
  299           7 
  300          12 
  301          15 
  302           6 
  303          11 
  304          10 
  305           8 
  306           6 
  307          12 
  308           9 
  309           5 
  310           8 
  311           6 
  312           6 
  313           7 
  314           4 
  315          10 
  316           4 
  317           3 
  318          14 
  319           5 
  320           7 
  321           3 
  322           5 
  323           4 
  324           5 
  325           9 
  326           7 
  327           8 
  328           6 
  329           6 
  330           5 
  331           4 
  332           4 
  333           5 
  334           1 
  335           2 
  336           3 
  337           3 
  338           1 
  339           0 
  340           2 
  341           2 
  342           1 
  343           4 
  344           3 
  345           1 
  346           0 
  347           1 
  348           2 
  349           4 
  350           2 
  351           2 
  352           0 
  353           2 
  354           0 
  355           2 
  356           2 
  357           0 
  358           1 
  359           0 
  360           0 
  361           0 
  362           1 
  363           0 
  364           0 
  365           1 
  366           0 
  367           0 
  368           0 
  369           5 
  370           1 
  371           0 
  372           0 
  373           0 
  374           1 
  375           0 
  376           2 
  377           0 
  378           0 
  379           1 
  380           0 
  381           1 
  382           0 
  383           2 
  384           0 
  385           0 
  386           0 
  387           0 
  388           2 
  389           0 
  390           0 
  391           1 
  392           0 
  393           1 
  394           0 
  395           0 
  396           0 
  397           0 
  398           0 
  399           0 
  400           0 
  401           0 
  402           1 
  403           1 
  404           0 
  405           0 
  406           0 
  407           0 
  408           0 
  409           1 
  410           0 
  411           0 
  412           0 
  413           0 
  414           3 
  415           2 
  416           0 
  417           1 
  418           0 
  419           0 
  420           0 
  421           0 
  422           0 
  423           0 
  424           0 
  425           0 
  426           0 
  427           0 
  428           2 
  429           0 
  430           0 
  431           0 
  432           0 
  433           0 
  434           1 
  435           0 
  436           0 
  437           0 
  438           2 
  439           0 
  440           0 
  441           0 
  442           1 
  443           0 
  444           0 
  445           0 
  446           0 
  447           1 
  448           0 
  449           0 
  450           0 
  451           1 
  452           0 
  453           0 
  454           1 
  455           1 
  456           0 
  457           0 
  458           2 
  459           0 
  460           1 
  461           1 
  462           0 
  463           0 
  464           0 
  465           0 
  466           0 
  467           0 
  468           0 
  469           0 
  470           1 
  471           0 
  472           0 
  473           0 
  474           0 
  475           0 
  476           0 
  477           0 
  478           0 
  479           1 
  480           0 
  481           0 
  482           0 
  483           0 
  484           1 
  485           0 
  486           0 
  487           0 
  488           0 
  489           0 
  490           1 
  491           0 
  492           0 
  493           1 
  494           0 
  495           0 
  496           1 
  497           0 
  498           0 
  499           0 
  500           0 
  501           0 
  502           0 
  503           0 
  504           0 
  505           0 
  506           0 
  507           0 
  508           0 
  509           0 
  510           0 
  511           0 
  512           0 
