    1           0 
    2           0 
    3           0 
    4           0 
    5           0 
    6           0 
    7           0 
    8           0 
    9           0 
   10           2 
   11           5 
   12           2 
   13           1 
   14           7 
   15           8 
   16           6 
   17           7 
   18           7 
   19           7 
   20           8 
   21          12 
   22          18 
   23           8 
   24           8 
   25           8 
   26           8 
   27           7 
   28           5 
   29          10 
   30           8 
   31           8 
   32           5 
   33           7 
   34           8 
   35           5 
   36           5 
   37           5 
   38           4 
   39           6 
   40           8 
   41          12 
   42           6 
   43           4 
   44          10 
   45          15 
   46          12 
   47           4 
   48           4 
   49          11 
   50           5 
   51           9 
   52           8 
   53           6 
   54           7 
   55          16 
   56           6 
   57           9 
   58           9 
   59           8 
   60           6 
   61           7 
   62          10 
   63           4 
   64           4 
   65           4 
   66           6 
   67           7 
   68           7 
   69           2 
   70           1 
   71          11 
   72           2 
   73          10 
   74          10 
   75          10 
   76          10 
   77           6 
   78          12 
   79           5 
   80           8 
   81          10 
   82           3 
   83          10 
   84           6 
   85           8 
   86          10 
   87           6 
   88           6 
   89           4 
   90          12 
   91          11 
   92           3 
   93           9 
   94           4 
   95           8 
   96          11 
   97           3 
   98           7 
   99           7 
  100           3 
  101           5 
  102           3 
  103           9 
  104           7 
  105           9 
  106           4 
  107           6 
  108           4 
  109           8 
  110           3 
  111           5 
  112           2 
  113           8 
  114           4 
  115           3 
  116           9 
  117           1 
  118           2 
  119           3 
  120           3 
  121           4 
  122           1 
  123           2 
  124           1 
  125           2 
  126           2 
  127           0 
  128           1 
  129           2 
  130           0 
  131           1 
  132           1 
  133           2 
  134           3 
  135           0 
  136           1 
  137           3 
  138           1 
  139           2 
  140           0 
  141           2 
  142           1 
  143           2 
  144           2 
  145           1 
  146           1 
  147           0 
  148           0 
  149           1 
  150           0 
  151           3 
  152           0 
  153           0 
  154           3 
  155           0 
  156           1 
  157           2 
  158           0 
  159           1 
  160           1 
  161           1 
  162           0 
  163           0 
  164           0 
  165           0 
  166           2 
  167           1 
  168           1 
  169           0 
  170           1 
  171           0 
  172           0 
  173           2 
  174           1 
  175           1 
  176           0 
  177           4 
  178           0 
  179           0 
  180           0 
  181           2 
  182           1 
  183           0 
  184           0 
  185           2 
  186           3 
  187           1 
  188           1 
  189           2 
  190           0 
  191           0 
  192           1 
  193           0 
  194           0 
  195           0 
  196           2 
  197           3 
  198           1 
  199           1 
  200           0 
  201           0 
  202           1 
  203           1 
  204           0 
  205           0 
  206           0 
  207           0 
  208           0 
  209           1 
  210           0 
  211           1 
  212           3 
  213           1 
  214           0 
  215           0 
  216           1 
  217           2 
  218           0 
  219           1 
  220           1 
  221           0 
  222           1 
  223           1 
  224           0 
  225           0 
  226           0 
  227           1 
  228           2 
  229           0 
  230           0 
  231           1 
  232           1 
  233           1 
  234           2 
  235           2 
  236           0 
  237           1 
  238           0 
  239           1 
  240           0 
  241           0 
  242           0 
  243           0 
  244           0 
  245           1 
  246           0 
  247           2 
  248           1 
  249           2 
  250           2 
  251           0 
  252           0 
  253           0 
  254           0 
  255           0 
  256           0 
  257           0 
  258           0 
  259           0 
  260           1 
  261           1 
  262           0 
  263           2 
  264           0 
  265           1 
  266           2 
  267           0 
  268           3 
  269           1 
  270           0 
  271           0 
  272           0 
  273           1 
  274           0 
  275           0 
  276           0 
  277           0 
  278           0 
  279           1 
  280           0 
  281           1 
  282           0 
  283           0 
  284           1 
  285           0 
  286           2 
  287           0 
  288           0 
  289           0 
  290           0 
  291           0 
  292           0 
  293           1 
  294           0 
  295           0 
  296           0 
  297           1 
  298           0 
  299           0 
  300           2 
  301           0 
  302           0 
  303           0 
  304           0 
  305           1 
  306           0 
  307           1 
  308           0 
  309           0 
  310           0 
  311           0 
  312           0 
  313           0 
  314           0 
  315           0 
  316           0 
  317           1 
  318           0 
  319           1 
  320           2 
  321           1 
  322           0 
  323           0 
  324           0 
  325           1 
  326           0 
  327           0 
  328           1 
  329           1 
  330           1 
  331           0 
  332           0 
  333           0 
  334           0 
  335           1 
  336           0 
  337           1 
  338           0 
  339           0 
  340           0 
  341           0 
  342           0 
  343           2 
  344           0 
  345           1 
  346           0 
  347           0 
  348           0 
  349           0 
  350           0 
  351           0 
  352           0 
  353           1 
  354           0 
  355           1 
  356           0 
  357           0 
  358           1 
  359           0 
  360           1 
  361           0 
  362           0 
  363           0 
  364           1 
  365           0 
  366           0 
  367           0 
  368           0 
  369           0 
  370           1 
  371           0 
  372           0 
  373           2 
  374           1 
  375           1 
  376           0 
  377           0 
  378           0 
  379           0 
  380           0 
  381           0 
  382           0 
  383           1 
  384           0 
  385           0 
  386           0 
  387           0 
  388           0 
  389           0 
  390           0 
  391           0 
  392           2 
  393           1 
  394           0 
  395           1 
  396           1 
  397           0 
  398           0 
  399           1 
  400           1 
  401           1 
  402           0 
  403           0 
  404           1 
  405           0 
  406           1 
  407           0 
  408           0 
  409           0 
  410           0 
  411           0 
  412           1 
  413           0 
  414           0 
  415           0 
  416           1 
  417           0 
  418           1 
  419           1 
  420           0 
  421           0 
  422           0 
  423           1 
  424           0 
  425           0 
  426           1 
  427           1 
  428           0 
  429           0 
  430           0 
  431           0 
  432           0 
  433           1 
  434           0 
  435           1 
  436           0 
  437           0 
  438           1 
  439           0 
  440           0 
  441           0 
  442           0 
  443           0 
  444           0 
  445           0 
  446           1 
  447           0 
  448           0 
  449           0 
  450           1 
  451           0 
  452           0 
  453           0 
  454           0 
  455           0 
  456           0 
  457           0 
  458           1 
  459           0 
  460           0 
  461           0 
  462           0 
  463           0 
  464           2 
  465           0 
  466           0 
  467           0 
  468           0 
  469           0 
  470           0 
  471           0 
  472           1 
  473           0 
  474           0 
  475           0 
  476           0 
  477           0 
  478           0 
  479           0 
  480           1 
  481           0 
  482           0 
  483           0 
  484           0 
  485           0 
  486           0 
  487           0 
  488           0 
  489           0 
  490           0 
  491           0 
  492           0 
  493           0 
  494           0 
  495           0 
  496           1 
  497           1 
  498           0 
  499           0 
  500           1 
  501           0 
  502           0 
  503           0 
  504           0 
  505           0 
  506           0 
  507           0 
  508           0 
  509           0 
  510           0 
  511           0 
  512           0 
