    1           0 
    2           0 
    3           0 
    4           0 
    5           0 
    6           0 
    7           0 
    8           0 
    9           4 
   10         408 
   11         398 
   12         397 
   13         392 
   14         387 
   15         396 
   16         413 
   17         444 
   18         529 
   19         672 
   20         768 
   21         920 
   22        1064 
   23        1115 
   24        1134 
   25        1101 
   26         947 
   27         839 
   28         774 
   29         666 
   30         600 
   31         519 
   32         439 
   33         487 
   34         411 
   35         374 
   36         388 
   37         330 
   38         392 
   39         352 
   40         406 
   41         386 
   42         394 
   43         374 
   44         388 
   45         405 
   46         381 
   47         365 
   48         402 
   49         380 
   50         421 
   51         402 
   52         443 
   53         425 
   54         406 
   55         393 
   56         423 
   57         399 
   58         404 
   59         422 
   60         438 
   61         433 
   62         442 
   63         413 
   64         456 
   65         441 
   66         445 
   67         442 
   68         426 
   69         483 
   70         437 
   71         411 
   72         427 
   73         450 
   74         440 
   75         435 
   76         417 
   77         469 
   78         419 
   79         405 
   80         403 
   81         390 
   82         355 
   83         385 
   84         400 
   85         359 
   86         343 
   87         383 
   88         365 
   89         359 
   90         332 
   91         361 
   92         327 
   93         348 
   94         316 
   95         362 
   96         361 
   97         324 
   98         336 
   99         325 
  100         330 
  101         327 
  102         311 
  103         289 
  104         288 
  105         302 
  106         274 
  107         299 
  108         274 
  109         278 
  110         276 
  111         266 
  112         251 
  113         285 
  114         288 
  115         287 
  116         284 
  117         261 
  118         297 
  119         255 
  120         276 
  121         273 
  122         256 
  123         283 
  124         255 
  125         256 
  126         247 
  127         271 
  128         245 
  129         273 
  130         251 
  131         279 
  132         235 
  133         247 
  134         242 
  135         256 
  136         268 
  137         240 
  138         254 
  139         252 
  140         229 
  141         236 
  142         263 
  143         279 
  144         281 
  145         223 
  146         248 
  147         265 
  148         240 
  149         241 
  150         259 
  151         258 
  152         270 
  153         233 
  154         259 
  155         238 
  156         256 
  157         273 
  158         233 
  159         229 
  160         247 
  161         234 
  162         262 
  163         229 
  164         220 
  165         183 
  166         219 
  167         203 
  168         214 
  169         231 
  170         196 
  171         208 
  172         217 
  173         184 
  174         217 
  175         197 
  176         184 
  177         157 
  178         159 
  179         166 
  180         140 
  181         161 
  182         155 
  183         149 
  184         130 
  185         143 
  186         138 
  187         136 
  188         153 
  189         136 
  190         107 
  191         154 
  192         129 
  193         143 
  194         142 
  195         127 
  196         121 
  197         108 
  198         101 
  199         113 
  200         130 
  201         112 
  202          89 
  203         125 
  204         110 
  205         107 
  206         116 
  207          97 
  208         100 
  209         106 
  210         109 
  211          96 
  212          92 
  213         101 
  214          97 
  215          94 
  216         132 
  217          99 
  218         110 
  219         112 
  220         114 
  221         119 
  222          96 
  223         120 
  224         130 
  225         143 
  226         130 
  227         147 
  228         139 
  229         129 
  230         175 
  231         207 
  232         177 
  233         174 
  234         188 
  235         211 
  236         207 
  237         225 
  238         254 
  239         231 
  240         257 
  241         272 
  242         272 
  243         277 
  244         311 
  245         308 
  246         294 
  247         320 
  248         301 
  249         355 
  250         342 
  251         447 
  252         349 
  253         367 
  254         384 
  255         382 
  256         339 
  257         351 
  258         383 
  259         370 
  260         379 
  261         356 
  262         372 
  263         337 
  264         345 
  265         336 
  266         313 
  267         327 
  268         297 
  269         281 
  270         274 
  271         302 
  272         309 
  273         272 
  274         276 
  275         249 
  276         250 
  277         224 
  278         209 
  279         217 
  280         225 
  281         212 
  282         193 
  283         183 
  284         179 
  285         168 
  286         160 
  287         165 
  288         155 
  289         148 
  290         130 
  291         114 
  292         132 
  293         127 
  294         111 
  295         101 
  296         110 
  297          89 
  298          89 
  299         115 
  300         100 
  301          89 
  302         108 
  303          80 
  304          88 
  305          69 
  306          72 
  307          81 
  308          62 
  309          82 
  310          78 
  311          69 
  312          64 
  313          80 
  314          66 
  315          65 
  316          52 
  317          50 
  318          57 
  319          69 
  320          49 
  321          51 
  322          48 
  323          41 
  324          45 
  325          51 
  326          54 
  327          46 
  328          34 
  329          37 
  330          43 
  331          41 
  332          47 
  333          30 
  334          25 
  335          24 
  336          26 
  337          35 
  338          21 
  339          34 
  340          36 
  341          16 
  342          19 
  343          32 
  344          22 
  345          16 
  346          20 
  347          20 
  348          15 
  349          18 
  350          20 
  351          19 
  352          19 
  353          11 
  354          11 
  355          14 
  356          17 
  357          12 
  358          10 
  359           9 
  360           9 
  361          11 
  362           8 
  363           5 
  364           8 
  365           6 
  366           2 
  367           5 
  368           7 
  369           1 
  370          11 
  371           4 
  372           3 
  373           5 
  374           2 
  375           2 
  376           2 
  377           3 
  378           3 
  379           2 
  380           2 
  381           1 
  382           0 
  383           1 
  384           0 
  385           1 
  386           2 
  387           1 
  388           0 
  389           1 
  390           1 
  391           2 
  392           0 
  393           2 
  394           0 
  395           0 
  396           0 
  397           0 
  398           0 
  399           2 
  400           0 
  401           0 
  402           0 
  403           1 
  404           1 
  405           1 
  406           0 
  407           1 
  408           0 
  409           1 
  410           0 
  411           0 
  412           0 
  413           0 
  414           0 
  415           0 
  416           0 
  417           0 
  418           0 
  419           0 
  420           0 
  421           0 
  422           1 
  423           2 
  424           0 
  425           0 
  426           0 
  427           0 
  428           0 
  429           0 
  430           2 
  431           0 
  432           1 
  433           1 
  434           0 
  435           1 
  436           0 
  437           0 
  438           1 
  439           0 
  440           0 
  441           1 
  442           0 
  443           1 
  444           0 
  445           0 
  446           1 
  447           0 
  448           0 
  449           1 
  450           0 
  451           0 
  452           1 
  453           1 
  454           1 
  455           1 
  456           1 
  457           1 
  458           1 
  459           1 
  460           0 
  461           1 
  462           0 
  463           0 
  464           1 
  465           0 
  466           0 
  467           0 
  468           0 
  469           1 
  470           0 
  471           0 
  472           0 
  473           0 
  474           0 
  475           0 
  476           0 
  477           0 
  478           0 
  479           0 
  480           0 
  481           0 
  482           0 
  483           1 
  484           1 
  485           0 
  486           0 
  487           0 
  488           0 
  489           0 
  490           0 
  491           0 
  492           0 
  493           0 
  494           0 
  495           1 
  496           0 
  497           0 
  498           0 
  499           0 
  500           0 
  501           0 
  502           0 
  503           0 
  504           0 
  505           0 
  506           0 
  507           0 
  508           0 
  509           0 
  510           0 
  511           0 
  512           0 
