    1           0 
    2           0 
    3           0 
    4           0 
    5           0 
    6           0 
    7           0 
    8           0 
    9           1 
   10          67 
   11          53 
   12          57 
   13          53 
   14          52 
   15          62 
   16          49 
   17          52 
   18          77 
   19          70 
   20          62 
   21          81 
   22          67 
   23          76 
   24          61 
   25          66 
   26          75 
   27          55 
   28          50 
   29          69 
   30          49 
   31          52 
   32          56 
   33          57 
   34          49 
   35          59 
   36          77 
   37          61 
   38          67 
   39          63 
   40          69 
   41          58 
   42          77 
   43          78 
   44          60 
   45          73 
   46          62 
   47          73 
   48          75 
   49          74 
   50          62 
   51          42 
   52          58 
   53          55 
   54          45 
   55          61 
   56          57 
   57          43 
   58          44 
   59          40 
   60          62 
   61          56 
   62          35 
   63          50 
   64          42 
   65          48 
   66          39 
   67          42 
   68          48 
   69          42 
   70          47 
   71          43 
   72          49 
   73          60 
   74          50 
   75          77 
   76          68 
   77          76 
   78          84 
   79         100 
   80         118 
   81         118 
   82         130 
   83         179 
   84         201 
   85         253 
   86         236 
   87         265 
   88         268 
   89         280 
   90         309 
   91         289 
   92         343 
   93         333 
   94         299 
   95         286 
   96         320 
   97         223 
   98         244 
   99         210 
  100         217 
  101         181 
  102         172 
  103         164 
  104         138 
  105         135 
  106         106 
  107         104 
  108          81 
  109          90 
  110          79 
  111          63 
  112          63 
  113          56 
  114          58 
  115          56 
  116          39 
  117          35 
  118          41 
  119          35 
  120          40 
  121          28 
  122          28 
  123          31 
  124          29 
  125          23 
  126          19 
  127          16 
  128          19 
  129          21 
  130          15 
  131          15 
  132          13 
  133          13 
  134          15 
  135          15 
  136          11 
  137           7 
  138          13 
  139           9 
  140           5 
  141           8 
  142           8 
  143           6 
  144           7 
  145           2 
  146           5 
  147           4 
  148           3 
  149           3 
  150           5 
  151           4 
  152           3 
  153           1 
  154           2 
  155           2 
  156           0 
  157           4 
  158           1 
  159           5 
  160           1 
  161           0 
  162           2 
  163           0 
  164           1 
  165           3 
  166           0 
  167           0 
  168           3 
  169           2 
  170           0 
  171           2 
  172           0 
  173           3 
  174           1 
  175           1 
  176           2 
  177           3 
  178           0 
  179           2 
  180           2 
  181           1 
  182           1 
  183           2 
  184           0 
  185           1 
  186           0 
  187           2 
  188           0 
  189           0 
  190           3 
  191           3 
  192           2 
  193           0 
  194           1 
  195           2 
  196           2 
  197           0 
  198           0 
  199           0 
  200           2 
  201           1 
  202           0 
  203           0 
  204           0 
  205           1 
  206           0 
  207           0 
  208           0 
  209           2 
  210           1 
  211           0 
  212           4 
  213           0 
  214           1 
  215           2 
  216           1 
  217           0 
  218           0 
  219           0 
  220           1 
  221           0 
  222           1 
  223           0 
  224           3 
  225           1 
  226           1 
  227           0 
  228           1 
  229           0 
  230           1 
  231           2 
  232           0 
  233           1 
  234           0 
  235           1 
  236           0 
  237           0 
  238           0 
  239           0 
  240           0 
  241           0 
  242           0 
  243           1 
  244           0 
  245           3 
  246           0 
  247           2 
  248           0 
  249           1 
  250           1 
  251           0 
  252           1 
  253           0 
  254           0 
  255           0 
  256           1 
  257           0 
  258           0 
  259           1 
  260           1 
  261           0 
  262           0 
  263           0 
  264           0 
  265           1 
  266           0 
  267           1 
  268           0 
  269           0 
  270           1 
  271           1 
  272           0 
  273           1 
  274           1 
  275           0 
  276           1 
  277           1 
  278           0 
  279           1 
  280           0 
  281           0 
  282           0 
  283           3 
  284           2 
  285           0 
  286           1 
  287           0 
  288           0 
  289           1 
  290           0 
  291           0 
  292           0 
  293           0 
  294           0 
  295           1 
  296           1 
  297           0 
  298           0 
  299           0 
  300           1 
  301           0 
  302           0 
  303           1 
  304           0 
  305           0 
  306           0 
  307           0 
  308           0 
  309           1 
  310           0 
  311           0 
  312           0 
  313           1 
  314           1 
  315           1 
  316           1 
  317           0 
  318           0 
  319           0 
  320           0 
  321           0 
  322           0 
  323           1 
  324           0 
  325           0 
  326           0 
  327           0 
  328           0 
  329           1 
  330           1 
  331           0 
  332           0 
  333           0 
  334           0 
  335           1 
  336           0 
  337           0 
  338           0 
  339           0 
  340           0 
  341           0 
  342           0 
  343           0 
  344           0 
  345           0 
  346           1 
  347           1 
  348           0 
  349           0 
  350           1 
  351           1 
  352           0 
  353           2 
  354           0 
  355           0 
  356           1 
  357           0 
  358           1 
  359           0 
  360           0 
  361           1 
  362           0 
  363           1 
  364           1 
  365           0 
  366           1 
  367           0 
  368           0 
  369           0 
  370           0 
  371           0 
  372           0 
  373           0 
  374           0 
  375           1 
  376           1 
  377           0 
  378           1 
  379           0 
  380           1 
  381           0 
  382           0 
  383           0 
  384           0 
  385           0 
  386           1 
  387           0 
  388           1 
  389           1 
  390           0 
  391           0 
  392           0 
  393           0 
  394           1 
  395           0 
  396           0 
  397           0 
  398           0 
  399           0 
  400           0 
  401           1 
  402           0 
  403           0 
  404           0 
  405           0 
  406           0 
  407           0 
  408           0 
  409           1 
  410           0 
  411           0 
  412           1 
  413           0 
  414           2 
  415           0 
  416           1 
  417           0 
  418           0 
  419           1 
  420           0 
  421           0 
  422           1 
  423           0 
  424           0 
  425           1 
  426           0 
  427           0 
  428           0 
  429           0 
  430           0 
  431           1 
  432           0 
  433           0 
  434           0 
  435           0 
  436           0 
  437           1 
  438           0 
  439           0 
  440           1 
  441           2 
  442           0 
  443           1 
  444           0 
  445           0 
  446           0 
  447           0 
  448           0 
  449           1 
  450           0 
  451           0 
  452           0 
  453           1 
  454           0 
  455           0 
  456           0 
  457           1 
  458           0 
  459           0 
  460           1 
  461           0 
  462           1 
  463           2 
  464           0 
  465           2 
  466           0 
  467           0 
  468           1 
  469           0 
  470           0 
  471           0 
  472           0 
  473           0 
  474           0 
  475           0 
  476           0 
  477           0 
  478           0 
  479           0 
  480           0 
  481           0 
  482           0 
  483           0 
  484           0 
  485           0 
  486           1 
  487           0 
  488           0 
  489           0 
  490           0 
  491           0 
  492           0 
  493           0 
  494           0 
  495           0 
  496           0 
  497           0 
  498           0 
  499           1 
  500           0 
  501           0 
  502           0 
  503           0 
  504           0 
  505           0 
  506           0 
  507           0 
  508           0 
  509           0 
  510           0 
  511           0 
  512           0 
