    1           0 
    2           0 
    3           0 
    4           0 
    5           0 
    6           0 
    7           0 
    8           0 
    9           2 
   10         145 
   11         162 
   12         158 
   13         150 
   14         160 
   15         160 
   16         174 
   17         179 
   18         208 
   19         215 
   20         223 
   21         234 
   22         274 
   23         312 
   24         284 
   25         283 
   26         236 
   27         248 
   28         213 
   29         218 
   30         190 
   31         198 
   32         192 
   33         177 
   34         191 
   35         188 
   36         199 
   37         195 
   38         161 
   39         191 
   40         222 
   41         176 
   42         185 
   43         184 
   44         189 
   45         183 
   46         194 
   47         161 
   48         194 
   49         199 
   50         186 
   51         187 
   52         178 
   53         188 
   54         180 
   55         191 
   56         191 
   57         182 
   58         180 
   59         167 
   60         183 
   61         188 
   62         207 
   63         176 
   64         185 
   65         190 
   66         211 
   67         180 
   68         163 
   69         190 
   70         159 
   71         165 
   72         180 
   73         168 
   74         147 
   75         188 
   76         158 
   77         148 
   78         153 
   79         156 
   80         154 
   81         164 
   82         148 
   83         136 
   84         139 
   85         122 
   86         150 
   87         145 
   88         149 
   89         151 
   90         133 
   91         134 
   92         129 
   93         149 
   94         129 
   95         138 
   96         126 
   97         128 
   98         135 
   99         148 
  100         150 
  101         114 
  102         116 
  103         123 
  104          96 
  105         121 
  106         120 
  107         115 
  108         126 
  109         119 
  110         122 
  111         109 
  112         145 
  113         124 
  114         131 
  115         126 
  116         105 
  117         109 
  118         132 
  119         110 
  120         108 
  121         113 
  122          78 
  123          98 
  124          99 
  125         104 
  126         114 
  127          88 
  128          91 
  129          87 
  130          87 
  131          81 
  132          72 
  133          72 
  134          72 
  135          64 
  136          53 
  137          72 
  138          62 
  139          59 
  140          65 
  141          60 
  142          48 
  143          61 
  144          70 
  145          36 
  146          45 
  147          48 
  148          65 
  149          40 
  150          47 
  151          56 
  152          48 
  153          52 
  154          37 
  155          40 
  156          50 
  157          39 
  158          41 
  159          45 
  160          46 
  161          51 
  162          32 
  163          34 
  164          44 
  165          29 
  166          47 
  167          36 
  168          49 
  169          28 
  170          33 
  171          41 
  172          45 
  173          50 
  174          36 
  175          42 
  176          37 
  177          36 
  178          39 
  179          50 
  180          49 
  181          72 
  182          63 
  183          59 
  184          53 
  185          76 
  186          44 
  187          84 
  188          77 
  189          89 
  190          95 
  191          99 
  192          99 
  193         113 
  194         112 
  195         118 
  196         151 
  197         148 
  198         145 
  199         162 
  200         156 
  201         171 
  202         161 
  203         180 
  204         187 
  205         195 
  206         188 
  207         228 
  208         194 
  209         200 
  210         202 
  211         187 
  212         176 
  213         229 
  214         216 
  215         209 
  216         201 
  217         193 
  218         185 
  219         188 
  220         161 
  221         178 
  222         153 
  223         192 
  224         167 
  225         143 
  226         149 
  227         163 
  228         144 
  229         140 
  230         121 
  231         136 
  232         127 
  233         103 
  234         113 
  235         112 
  236         120 
  237         111 
  238         103 
  239          88 
  240          78 
  241          90 
  242          76 
  243          85 
  244          73 
  245          72 
  246          77 
  247          77 
  248          63 
  249          64 
  250          42 
  251          52 
  252          49 
  253          68 
  254          51 
  255          59 
  256          39 
  257          42 
  258          47 
  259          37 
  260          39 
  261          51 
  262          38 
  263          33 
  264          38 
  265          40 
  266          36 
  267          44 
  268          27 
  269          41 
  270          23 
  271          32 
  272          29 
  273          25 
  274          19 
  275          24 
  276          26 
  277          29 
  278          26 
  279          20 
  280          21 
  281          22 
  282          16 
  283          19 
  284          16 
  285          14 
  286          19 
  287          21 
  288          15 
  289           8 
  290          14 
  291           9 
  292          13 
  293          11 
  294          12 
  295          12 
  296           6 
  297           9 
  298           3 
  299          10 
  300          10 
  301           8 
  302           3 
  303           6 
  304           4 
  305           5 
  306           7 
  307           6 
  308           3 
  309           4 
  310           5 
  311           4 
  312           3 
  313           3 
  314           3 
  315           3 
  316           5 
  317           3 
  318           3 
  319           2 
  320           1 
  321           1 
  322           3 
  323           2 
  324           3 
  325           3 
  326           3 
  327           0 
  328           1 
  329           1 
  330           0 
  331           0 
  332           0 
  333           1 
  334           0 
  335           1 
  336           2 
  337           1 
  338           1 
  339           2 
  340           0 
  341           0 
  342           0 
  343           0 
  344           1 
  345           0 
  346           0 
  347           0 
  348           0 
  349           0 
  350           0 
  351           0 
  352           0 
  353           0 
  354           0 
  355           0 
  356           0 
  357           3 
  358           0 
  359           0 
  360           0 
  361           0 
  362           0 
  363           1 
  364           1 
  365           0 
  366           0 
  367           0 
  368           1 
  369           0 
  370           0 
  371           0 
  372           0 
  373           0 
  374           1 
  375           0 
  376           2 
  377           0 
  378           0 
  379           1 
  380           1 
  381           1 
  382           0 
  383           1 
  384           0 
  385           1 
  386           1 
  387           1 
  388           1 
  389           0 
  390           0 
  391           0 
  392           0 
  393           0 
  394           1 
  395           0 
  396           0 
  397           1 
  398           0 
  399           0 
  400           0 
  401           0 
  402           2 
  403           2 
  404           0 
  405           1 
  406           0 
  407           0 
  408           1 
  409           0 
  410           1 
  411           0 
  412           0 
  413           0 
  414           1 
  415           0 
  416           0 
  417           0 
  418           0 
  419           0 
  420           0 
  421           0 
  422           0 
  423           0 
  424           0 
  425           0 
  426           0 
  427           0 
  428           1 
  429           0 
  430           0 
  431           0 
  432           1 
  433           0 
  434           1 
  435           0 
  436           1 
  437           0 
  438           0 
  439           1 
  440           1 
  441           1 
  442           0 
  443           0 
  444           0 
  445           0 
  446           0 
  447           0 
  448           1 
  449           0 
  450           0 
  451           0 
  452           0 
  453           0 
  454           0 
  455           0 
  456           1 
  457           0 
  458           2 
  459           0 
  460           0 
  461           1 
  462           0 
  463           0 
  464           0 
  465           1 
  466           2 
  467           0 
  468           0 
  469           0 
  470           0 
  471           0 
  472           0 
  473           0 
  474           0 
  475           0 
  476           0 
  477           0 
  478           0 
  479           0 
  480           0 
  481           0 
  482           1 
  483           0 
  484           0 
  485           0 
  486           0 
  487           1 
  488           0 
  489           0 
  490           0 
  491           0 
  492           0 
  493           0 
  494           0 
  495           0 
  496           0 
  497           0 
  498           1 
  499           0 
  500           0 
  501           0 
  502           0 
  503           0 
  504           0 
  505           0 
  506           0 
  507           0 
  508           0 
  509           0 
  510           0 
  511           0 
  512           0 
