    1           0 
    2           0 
    3           0 
    4           0 
    5           0 
    6           0 
    7           0 
    8           0 
    9           1 
   10         116 
   11          98 
   12          85 
   13         107 
   14         102 
   15          92 
   16         111 
   17         136 
   18         121 
   19         134 
   20         143 
   21         159 
   22         139 
   23         193 
   24         184 
   25         142 
   26         141 
   27         128 
   28         148 
   29         124 
   30         111 
   31         113 
   32         102 
   33         108 
   34          91 
   35          87 
   36          93 
   37         113 
   38         109 
   39         131 
   40         121 
   41         123 
   42         107 
   43         108 
   44         131 
   45         127 
   46         115 
   47         115 
   48         126 
   49         125 
   50         125 
   51         121 
   52         135 
   53         127 
   54         118 
   55         124 
   56         106 
   57         134 
   58         123 
   59         111 
   60         124 
   61         103 
   62         116 
   63         106 
   64         123 
   65         107 
   66          87 
   67         118 
   68         111 
   69         131 
   70         149 
   71          97 
   72          92 
   73         104 
   74         101 
   75          93 
   76          99 
   77         106 
   78          85 
   79          78 
   80         100 
   81          88 
   82          75 
   83          83 
   84          87 
   85          67 
   86          75 
   87          71 
   88          70 
   89          76 
   90          54 
   91          63 
   92          41 
   93          52 
   94          48 
   95          52 
   96          45 
   97          47 
   98          44 
   99          45 
  100          37 
  101          45 
  102          41 
  103          48 
  104          56 
  105          39 
  106          23 
  107          28 
  108          41 
  109          39 
  110          34 
  111          26 
  112          39 
  113          30 
  114          30 
  115          35 
  116          31 
  117          34 
  118          27 
  119          30 
  120          37 
  121          33 
  122          33 
  123          30 
  124          29 
  125          41 
  126          30 
  127          21 
  128          37 
  129          33 
  130          44 
  131          50 
  132          35 
  133          42 
  134          49 
  135          54 
  136          57 
  137          69 
  138          65 
  139          81 
  140          90 
  141          82 
  142          84 
  143          94 
  144          82 
  145         101 
  146         115 
  147         129 
  148         119 
  149         134 
  150         132 
  151         146 
  152         153 
  153         143 
  154         158 
  155         177 
  156         186 
  157         174 
  158         170 
  159         179 
  160         199 
  161         179 
  162         177 
  163         174 
  164         148 
  165         185 
  166         163 
  167         162 
  168         133 
  169         140 
  170         145 
  171         150 
  172         125 
  173         115 
  174         112 
  175         126 
  176         108 
  177         113 
  178          85 
  179         105 
  180          76 
  181         101 
  182          74 
  183          66 
  184          68 
  185          61 
  186          68 
  187          62 
  188          61 
  189          59 
  190          67 
  191          52 
  192          56 
  193          51 
  194          53 
  195          37 
  196          38 
  197          46 
  198          39 
  199          33 
  200          36 
  201          47 
  202          24 
  203          38 
  204          34 
  205          23 
  206          33 
  207          31 
  208          37 
  209          24 
  210          21 
  211          24 
  212          24 
  213          16 
  214          23 
  215          19 
  216          31 
  217          15 
  218          19 
  219          20 
  220          13 
  221          15 
  222          11 
  223          11 
  224           7 
  225           9 
  226          14 
  227          12 
  228          10 
  229          10 
  230           9 
  231           9 
  232           9 
  233           2 
  234           8 
  235           3 
  236           6 
  237           6 
  238           3 
  239           6 
  240           2 
  241           3 
  242           4 
  243           6 
  244           5 
  245           0 
  246           0 
  247           4 
  248           2 
  249           2 
  250           1 
  251           0 
  252           1 
  253           1 
  254           1 
  255           1 
  256           0 
  257           0 
  258           1 
  259           2 
  260           0 
  261           2 
  262           1 
  263           1 
  264           0 
  265           2 
  266           0 
  267           0 
  268           1 
  269           3 
  270           0 
  271           1 
  272           0 
  273           2 
  274           2 
  275           1 
  276           0 
  277           0 
  278           1 
  279           0 
  280           2 
  281           2 
  282           0 
  283           2 
  284           2 
  285           0 
  286           2 
  287           0 
  288           0 
  289           1 
  290           1 
  291           2 
  292           1 
  293           0 
  294           0 
  295           0 
  296           2 
  297           0 
  298           0 
  299           0 
  300           0 
  301           1 
  302           0 
  303           1 
  304           0 
  305           1 
  306           0 
  307           0 
  308           0 
  309           0 
  310           0 
  311           0 
  312           1 
  313           0 
  314           1 
  315           0 
  316           0 
  317           0 
  318           0 
  319           1 
  320           0 
  321           1 
  322           1 
  323           0 
  324           0 
  325           0 
  326           0 
  327           1 
  328           0 
  329           0 
  330           0 
  331           0 
  332           0 
  333           0 
  334           0 
  335           0 
  336           0 
  337           0 
  338           0 
  339           0 
  340           0 
  341           2 
  342           0 
  343           0 
  344           0 
  345           1 
  346           0 
  347           0 
  348           1 
  349           1 
  350           0 
  351           0 
  352           0 
  353           0 
  354           0 
  355           0 
  356           2 
  357           1 
  358           0 
  359           0 
  360           0 
  361           0 
  362           0 
  363           0 
  364           0 
  365           0 
  366           0 
  367           0 
  368           0 
  369           0 
  370           0 
  371           0 
  372           0 
  373           0 
  374           2 
  375           0 
  376           0 
  377           1 
  378           0 
  379           0 
  380           0 
  381           0 
  382           1 
  383           0 
  384           0 
  385           0 
  386           0 
  387           0 
  388           0 
  389           0 
  390           0 
  391           0 
  392           1 
  393           0 
  394           0 
  395           0 
  396           0 
  397           0 
  398           0 
  399           0 
  400           0 
  401           1 
  402           0 
  403           1 
  404           0 
  405           0 
  406           2 
  407           0 
  408           0 
  409           0 
  410           0 
  411           1 
  412           1 
  413           0 
  414           0 
  415           0 
  416           0 
  417           0 
  418           0 
  419           0 
  420           0 
  421           0 
  422           0 
  423           0 
  424           0 
  425           0 
  426           1 
  427           1 
  428           0 
  429           1 
  430           1 
  431           0 
  432           0 
  433           0 
  434           0 
  435           0 
  436           0 
  437           0 
  438           0 
  439           0 
  440           0 
  441           0 
  442           0 
  443           0 
  444           0 
  445           0 
  446           0 
  447           0 
  448           0 
  449           0 
  450           0 
  451           1 
  452           1 
  453           0 
  454           0 
  455           0 
  456           0 
  457           0 
  458           0 
  459           0 
  460           0 
  461           0 
  462           0 
  463           0 
  464           0 
  465           0 
  466           0 
  467           0 
  468           0 
  469           1 
  470           0 
  471           0 
  472           1 
  473           0 
  474           0 
  475           0 
  476           0 
  477           0 
  478           0 
  479           0 
  480           0 
  481           0 
  482           0 
  483           0 
  484           0 
  485           0 
  486           0 
  487           0 
  488           0 
  489           0 
  490           0 
  491           0 
  492           0 
  493           1 
  494           1 
  495           0 
  496           0 
  497           0 
  498           0 
  499           0 
  500           1 
  501           0 
  502           0 
  503           0 
  504           0 
  505           0 
  506           0 
  507           0 
  508           0 
  509           0 
  510           0 
  511           0 
  512           0 
