    1           0 
    2           0 
    3           0 
    4           0 
    5           0 
    6           0 
    7           0 
    8           0 
    9           3 
   10          85 
   11         101 
   12          92 
   13          95 
   14          74 
   15          85 
   16          72 
   17          95 
   18         103 
   19         109 
   20         101 
   21         126 
   22         127 
   23         126 
   24         120 
   25         136 
   26         111 
   27         112 
   28          84 
   29         101 
   30          94 
   31          81 
   32          77 
   33          92 
   34          94 
   35          77 
   36          79 
   37          95 
   38          85 
   39          99 
   40          98 
   41         102 
   42         109 
   43         107 
   44          95 
   45         112 
   46         102 
   47         105 
   48          91 
   49         109 
   50          97 
   51         109 
   52         106 
   53         117 
   54         110 
   55         105 
   56         120 
   57         117 
   58         117 
   59         104 
   60          91 
   61         113 
   62          90 
   63          93 
   64          90 
   65          79 
   66          84 
   67          83 
   68          91 
   69          70 
   70          79 
   71          65 
   72          65 
   73          65 
   74          66 
   75          60 
   76          47 
   77          56 
   78          50 
   79          46 
   80          47 
   81          64 
   82          41 
   83          53 
   84          29 
   85          41 
   86          29 
   87          35 
   88          43 
   89          46 
   90          35 
   91          36 
   92          25 
   93          31 
   94          34 
   95          21 
   96          29 
   97          33 
   98          33 
   99          31 
  100          46 
  101          32 
  102          41 
  103          18 
  104          27 
  105          31 
  106          28 
  107          34 
  108          29 
  109          36 
  110          42 
  111          27 
  112          49 
  113          36 
  114          43 
  115          49 
  116          53 
  117          59 
  118          71 
  119          70 
  120          75 
  121          85 
  122          88 
  123         109 
  124         106 
  125         112 
  126         124 
  127         118 
  128         160 
  129         165 
  130         155 
  131         180 
  132         175 
  133         169 
  134         196 
  135         200 
  136         202 
  137         167 
  138         161 
  139         210 
  140         204 
  141         187 
  142         187 
  143         151 
  144         159 
  145         151 
  146         149 
  147         149 
  148         130 
  149         127 
  150         119 
  151         102 
  152         112 
  153          98 
  154          93 
  155          92 
  156          81 
  157          84 
  158          79 
  159          70 
  160          57 
  161          75 
  162          51 
  163          46 
  164          42 
  165          48 
  166          37 
  167          37 
  168          44 
  169          32 
  170          48 
  171          46 
  172          40 
  173          42 
  174          30 
  175          32 
  176          37 
  177          36 
  178          32 
  179          31 
  180          40 
  181          23 
  182          25 
  183          27 
  184          29 
  185          15 
  186          13 
  187          23 
  188          15 
  189          12 
  190          22 
  191          18 
  192          10 
  193           7 
  194          14 
  195          13 
  196          14 
  197          11 
  198          10 
  199           7 
  200           7 
  201           5 
  202           7 
  203           4 
  204           4 
  205           4 
  206           5 
  207           7 
  208           4 
  209           7 
  210           4 
  211           6 
  212           4 
  213           5 
  214           1 
  215           4 
  216           3 
  217           2 
  218           2 
  219           4 
  220           2 
  221           0 
  222           1 
  223           4 
  224           2 
  225           1 
  226           0 
  227           1 
  228           3 
  229           3 
  230           1 
  231           3 
  232           1 
  233           2 
  234           1 
  235           1 
  236           1 
  237           0 
  238           2 
  239           4 
  240           2 
  241           0 
  242           1 
  243           0 
  244           4 
  245           1 
  246           0 
  247           0 
  248           0 
  249           0 
  250           1 
  251           0 
  252           0 
  253           2 
  254           0 
  255           0 
  256           0 
  257           1 
  258           1 
  259           1 
  260           0 
  261           1 
  262           1 
  263           2 
  264           1 
  265           0 
  266           0 
  267           0 
  268           2 
  269           0 
  270           0 
  271           1 
  272           0 
  273           0 
  274           0 
  275           0 
  276           0 
  277           1 
  278           1 
  279           1 
  280           0 
  281           2 
  282           2 
  283           0 
  284           0 
  285           2 
  286           0 
  287           0 
  288           1 
  289           0 
  290           0 
  291           0 
  292           1 
  293           0 
  294           1 
  295           1 
  296           0 
  297           0 
  298           0 
  299           1 
  300           1 
  301           0 
  302           1 
  303           0 
  304           0 
  305           1 
  306           0 
  307           0 
  308           0 
  309           0 
  310           0 
  311           1 
  312           1 
  313           1 
  314           0 
  315           0 
  316           0 
  317           0 
  318           0 
  319           0 
  320           0 
  321           0 
  322           1 
  323           0 
  324           1 
  325           0 
  326           1 
  327           1 
  328           0 
  329           0 
  330           0 
  331           0 
  332           3 
  333           0 
  334           0 
  335           0 
  336           0 
  337           2 
  338           1 
  339           1 
  340           0 
  341           0 
  342           0 
  343           0 
  344           1 
  345           1 
  346           0 
  347           1 
  348           0 
  349           0 
  350           1 
  351           0 
  352           1 
  353           0 
  354           0 
  355           0 
  356           0 
  357           0 
  358           1 
  359           0 
  360           1 
  361           0 
  362           0 
  363           0 
  364           0 
  365           1 
  366           0 
  367           1 
  368           1 
  369           1 
  370           1 
  371           0 
  372           0 
  373           0 
  374           1 
  375           1 
  376           2 
  377           0 
  378           1 
  379           0 
  380           0 
  381           1 
  382           2 
  383           0 
  384           0 
  385           0 
  386           0 
  387           0 
  388           1 
  389           0 
  390           1 
  391           0 
  392           0 
  393           1 
  394           0 
  395           0 
  396           0 
  397           1 
  398           0 
  399           0 
  400           0 
  401           0 
  402           0 
  403           1 
  404           2 
  405           1 
  406           0 
  407           0 
  408           0 
  409           0 
  410           0 
  411           0 
  412           0 
  413           0 
  414           0 
  415           0 
  416           1 
  417           0 
  418           0 
  419           0 
  420           1 
  421           1 
  422           1 
  423           0 
  424           0 
  425           0 
  426           1 
  427           0 
  428           0 
  429           0 
  430           0 
  431           1 
  432           0 
  433           0 
  434           1 
  435           1 
  436           0 
  437           0 
  438           0 
  439           0 
  440           0 
  441           0 
  442           0 
  443           0 
  444           0 
  445           0 
  446           1 
  447           0 
  448           2 
  449           2 
  450           1 
  451           0 
  452           0 
  453           0 
  454           0 
  455           0 
  456           0 
  457           0 
  458           0 
  459           0 
  460           0 
  461           3 
  462           0 
  463           0 
  464           0 
  465           0 
  466           0 
  467           1 
  468           0 
  469           0 
  470           0 
  471           0 
  472           0 
  473           0 
  474           1 
  475           1 
  476           1 
  477           0 
  478           0 
  479           0 
  480           0 
  481           0 
  482           0 
  483           0 
  484           0 
  485           0 
  486           0 
  487           1 
  488           0 
  489           1 
  490           0 
  491           0 
  492           0 
  493           1 
  494           0 
  495           0 
  496           0 
  497           0 
  498           0 
  499           2 
  500           0 
  501           0 
  502           0 
  503           0 
  504           0 
  505           0 
  506           0 
  507           0 
  508           0 
  509           0 
  510           0 
  511           0 
  512           0 
