    1           0 
    2           0 
    3           0 
    4           0 
    5           0 
    6           0 
    7           0 
    8           0 
    9           0 
   10         140 
   11         173 
   12         177 
   13         169 
   14         168 
   15         175 
   16         173 
   17         173 
   18         173 
   19         226 
   20         257 
   21         279 
   22         319 
   23         326 
   24         367 
   25         297 
   26         325 
   27         302 
   28         260 
   29         213 
   30         208 
   31         166 
   32         187 
   33         173 
   34         198 
   35         195 
   36         177 
   37         172 
   38         198 
   39         193 
   40         179 
   41         173 
   42         189 
   43         188 
   44         194 
   45         189 
   46         154 
   47         190 
   48         205 
   49         180 
   50         171 
   51         187 
   52         206 
   53         222 
   54         195 
   55         200 
   56         227 
   57         231 
   58         208 
   59         206 
   60         220 
   61         213 
   62         200 
   63         219 
   64         217 
   65         229 
   66         249 
   67         220 
   68         198 
   69         217 
   70         224 
   71         218 
   72         205 
   73         235 
   74         198 
   75         197 
   76         237 
   77         189 
   78         200 
   79         171 
   80         190 
   81         192 
   82         181 
   83         181 
   84         206 
   85         165 
   86         180 
   87         177 
   88         160 
   89         163 
   90         169 
   91         165 
   92         153 
   93         160 
   94         136 
   95         168 
   96         135 
   97         146 
   98         156 
   99         136 
  100         152 
  101         136 
  102         138 
  103         127 
  104         125 
  105         120 
  106         146 
  107         143 
  108         115 
  109         128 
  110         111 
  111         112 
  112         129 
  113         115 
  114         113 
  115         114 
  116         106 
  117         109 
  118         125 
  119         106 
  120         106 
  121         112 
  122         107 
  123         125 
  124         116 
  125         108 
  126         116 
  127          95 
  128          93 
  129         112 
  130         114 
  131         104 
  132         105 
  133         109 
  134         114 
  135         108 
  136         105 
  137         122 
  138         101 
  139          97 
  140         118 
  141         114 
  142         101 
  143          99 
  144         125 
  145         111 
  146         109 
  147          86 
  148         112 
  149         117 
  150         104 
  151         110 
  152         107 
  153         101 
  154         107 
  155         115 
  156          91 
  157         115 
  158         100 
  159          97 
  160         125 
  161          83 
  162          93 
  163          99 
  164          85 
  165          89 
  166         103 
  167          86 
  168          92 
  169         105 
  170         106 
  171          96 
  172          79 
  173          89 
  174          87 
  175          89 
  176          76 
  177          86 
  178          90 
  179          77 
  180          88 
  181          65 
  182          77 
  183          67 
  184          83 
  185          80 
  186          84 
  187          77 
  188          57 
  189          69 
  190          66 
  191          55 
  192          66 
  193          70 
  194          70 
  195          62 
  196          63 
  197          60 
  198          65 
  199          66 
  200          64 
  201          67 
  202          60 
  203          74 
  204          59 
  205          54 
  206          56 
  207          71 
  208          80 
  209          65 
  210          63 
  211          59 
  212          62 
  213          58 
  214          74 
  215          49 
  216          59 
  217          63 
  218          72 
  219          53 
  220          56 
  221          72 
  222          67 
  223          60 
  224          62 
  225          62 
  226          63 
  227          92 
  228          70 
  229          79 
  230          69 
  231          92 
  232          85 
  233          65 
  234          79 
  235          81 
  236          85 
  237          94 
  238         105 
  239         107 
  240         115 
  241         123 
  242         113 
  243         115 
  244         104 
  245         122 
  246          91 
  247         116 
  248         112 
  249         138 
  250         149 
  251         104 
  252         151 
  253         137 
  254         145 
  255         131 
  256         134 
  257         140 
  258         133 
  259         159 
  260         151 
  261         133 
  262         124 
  263         123 
  264         131 
  265         111 
  266         137 
  267         117 
  268         117 
  269         108 
  270         116 
  271         117 
  272         111 
  273         100 
  274          99 
  275          93 
  276         101 
  277          85 
  278          86 
  279          87 
  280          61 
  281          66 
  282          79 
  283          71 
  284          76 
  285          63 
  286          40 
  287          52 
  288          69 
  289          53 
  290          73 
  291          56 
  292          42 
  293          38 
  294          50 
  295          45 
  296          48 
  297          46 
  298          50 
  299          39 
  300          39 
  301          31 
  302          41 
  303          23 
  304          44 
  305          21 
  306          32 
  307          28 
  308          34 
  309          27 
  310          27 
  311          21 
  312          34 
  313          34 
  314          26 
  315          21 
  316          22 
  317          23 
  318          28 
  319          11 
  320          19 
  321          15 
  322          10 
  323          17 
  324          10 
  325          12 
  326          19 
  327          17 
  328          22 
  329          12 
  330          22 
  331          20 
  332          13 
  333          19 
  334          13 
  335          16 
  336          10 
  337           5 
  338          19 
  339           5 
  340           6 
  341          13 
  342          15 
  343           7 
  344           7 
  345           7 
  346           8 
  347           9 
  348           6 
  349           8 
  350           6 
  351           6 
  352           6 
  353           4 
  354           9 
  355           4 
  356           7 
  357           4 
  358           4 
  359           3 
  360           1 
  361           2 
  362           0 
  363           1 
  364           4 
  365           1 
  366           6 
  367           3 
  368           3 
  369           1 
  370           1 
  371           1 
  372           1 
  373           2 
  374           0 
  375           1 
  376           1 
  377           1 
  378           1 
  379           1 
  380           1 
  381           0 
  382           0 
  383           1 
  384           3 
  385           1 
  386           0 
  387           0 
  388           0 
  389           0 
  390           0 
  391           1 
  392           1 
  393           0 
  394           0 
  395           2 
  396           0 
  397           0 
  398           0 
  399           1 
  400           1 
  401           1 
  402           0 
  403           0 
  404           0 
  405           1 
  406           0 
  407           0 
  408           1 
  409           2 
  410           0 
  411           0 
  412           0 
  413           0 
  414           0 
  415           0 
  416           0 
  417           0 
  418           1 
  419           0 
  420           0 
  421           0 
  422           0 
  423           1 
  424           1 
  425           0 
  426           0 
  427           0 
  428           0 
  429           0 
  430           0 
  431           0 
  432           0 
  433           0 
  434           0 
  435           0 
  436           0 
  437           1 
  438           0 
  439           0 
  440           0 
  441           0 
  442           0 
  443           0 
  444           0 
  445           0 
  446           0 
  447           0 
  448           0 
  449           0 
  450           0 
  451           0 
  452           0 
  453           0 
  454           0 
  455           0 
  456           0 
  457           1 
  458           1 
  459           0 
  460           1 
  461           0 
  462           0 
  463           0 
  464           0 
  465           0 
  466           1 
  467           1 
  468           0 
  469           0 
  470           0 
  471           0 
  472           1 
  473           1 
  474           0 
  475           0 
  476           0 
  477           0 
  478           0 
  479           0 
  480           1 
  481           1 
  482           0 
  483           0 
  484           0 
  485           2 
  486           0 
  487           0 
  488           1 
  489           0 
  490           0 
  491           1 
  492           0 
  493           0 
  494           0 
  495           0 
  496           0 
  497           1 
  498           0 
  499           0 
  500           2 
  501           0 
  502           0 
  503           0 
  504           0 
  505           0 
  506           0 
  507           0 
  508           0 
  509           0 
  510           0 
  511           0 
  512           0 
