    1           0 
    2           0 
    3           0 
    4           0 
    5           0 
    6           0 
    7           0 
    8           0 
    9           2 
   10         119 
   11         146 
   12         113 
   13         115 
   14         114 
   15         126 
   16         137 
   17         140 
   18         153 
   19         154 
   20         163 
   21         183 
   22         217 
   23         219 
   24         238 
   25         210 
   26         197 
   27         168 
   28         192 
   29         165 
   30         150 
   31         140 
   32         136 
   33         132 
   34         144 
   35         133 
   36         135 
   37         149 
   38         140 
   39         149 
   40         130 
   41         147 
   42         174 
   43         164 
   44         177 
   45         144 
   46         160 
   47         155 
   48         139 
   49         138 
   50         153 
   51         150 
   52         157 
   53         138 
   54         131 
   55         148 
   56         148 
   57         164 
   58         141 
   59         149 
   60         163 
   61         135 
   62         131 
   63         154 
   64         159 
   65         131 
   66         115 
   67         141 
   68         149 
   69         148 
   70         138 
   71          89 
   72         133 
   73         117 
   74         118 
   75         133 
   76         129 
   77         125 
   78         126 
   79         132 
   80         123 
   81         119 
   82         129 
   83         108 
   84         132 
   85         109 
   86         105 
   87         112 
   88         106 
   89         112 
   90         102 
   91          97 
   92         115 
   93          82 
   94         116 
   95          92 
   96         113 
   97          99 
   98          93 
   99          85 
  100         101 
  101          90 
  102          85 
  103          84 
  104          70 
  105          93 
  106          66 
  107          79 
  108          68 
  109          74 
  110          59 
  111          72 
  112          62 
  113          55 
  114          62 
  115          51 
  116          39 
  117          64 
  118          38 
  119          40 
  120          52 
  121          46 
  122          41 
  123          31 
  124          30 
  125          36 
  126          44 
  127          52 
  128          32 
  129          27 
  130          36 
  131          43 
  132          41 
  133          42 
  134          36 
  135          29 
  136          35 
  137          35 
  138          30 
  139          37 
  140          26 
  141          30 
  142          27 
  143          29 
  144          39 
  145          31 
  146          44 
  147          37 
  148          28 
  149          37 
  150          37 
  151          42 
  152          40 
  153          36 
  154          42 
  155          39 
  156          41 
  157          43 
  158          42 
  159          55 
  160          67 
  161          60 
  162          70 
  163          70 
  164          79 
  165          70 
  166          94 
  167          94 
  168         100 
  169          97 
  170         121 
  171         116 
  172         126 
  173         120 
  174         148 
  175         158 
  176         152 
  177         156 
  178         162 
  179         194 
  180         182 
  181         184 
  182         187 
  183         197 
  184         208 
  185         180 
  186         207 
  187         198 
  188         203 
  189         192 
  190         186 
  191         172 
  192         174 
  193         162 
  194         162 
  195         159 
  196         150 
  197         137 
  198         148 
  199         135 
  200         107 
  201         103 
  202         109 
  203         102 
  204         115 
  205         108 
  206          92 
  207          93 
  208          93 
  209          87 
  210          95 
  211          80 
  212          73 
  213          76 
  214          70 
  215          66 
  216          73 
  217          65 
  218          69 
  219          52 
  220          53 
  221          51 
  222          61 
  223          44 
  224          49 
  225          50 
  226          44 
  227          44 
  228          44 
  229          35 
  230          40 
  231          46 
  232          35 
  233          41 
  234          40 
  235          29 
  236          31 
  237          27 
  238          30 
  239          22 
  240          32 
  241          20 
  242          24 
  243          24 
  244          26 
  245          23 
  246          26 
  247          20 
  248          17 
  249          16 
  250          15 
  251          16 
  252          21 
  253           6 
  254          13 
  255          15 
  256          10 
  257           8 
  258          11 
  259           9 
  260          10 
  261           5 
  262           5 
  263          12 
  264           5 
  265           7 
  266           5 
  267           3 
  268           6 
  269           5 
  270           6 
  271           8 
  272           5 
  273           3 
  274           6 
  275           2 
  276           3 
  277           2 
  278           2 
  279           2 
  280           6 
  281           2 
  282           4 
  283           3 
  284           2 
  285           2 
  286           1 
  287           1 
  288           3 
  289           1 
  290           2 
  291           0 
  292           2 
  293           1 
  294           1 
  295           1 
  296           0 
  297           2 
  298           1 
  299           0 
  300           0 
  301           0 
  302           1 
  303           1 
  304           1 
  305           1 
  306           3 
  307           3 
  308           0 
  309           1 
  310           0 
  311           1 
  312           1 
  313           0 
  314           0 
  315           0 
  316           0 
  317           0 
  318           0 
  319           0 
  320           1 
  321           0 
  322           0 
  323           0 
  324           3 
  325           1 
  326           1 
  327           0 
  328           0 
  329           0 
  330           0 
  331           1 
  332           0 
  333           2 
  334           0 
  335           1 
  336           0 
  337           0 
  338           0 
  339           2 
  340           0 
  341           0 
  342           0 
  343           1 
  344           1 
  345           0 
  346           1 
  347           2 
  348           0 
  349           1 
  350           0 
  351           0 
  352           1 
  353           1 
  354           0 
  355           1 
  356           0 
  357           1 
  358           0 
  359           0 
  360           1 
  361           1 
  362           0 
  363           0 
  364           1 
  365           0 
  366           3 
  367           0 
  368           0 
  369           0 
  370           0 
  371           1 
  372           0 
  373           0 
  374           1 
  375           0 
  376           0 
  377           0 
  378           0 
  379           0 
  380           1 
  381           0 
  382           0 
  383           0 
  384           0 
  385           0 
  386           1 
  387           0 
  388           0 
  389           2 
  390           0 
  391           1 
  392           0 
  393           0 
  394           0 
  395           0 
  396           1 
  397           0 
  398           0 
  399           0 
  400           1 
  401           0 
  402           1 
  403           0 
  404           0 
  405           0 
  406           0 
  407           0 
  408           0 
  409           0 
  410           1 
  411           2 
  412           0 
  413           0 
  414           0 
  415           0 
  416           0 
  417           0 
  418           1 
  419           1 
  420           0 
  421           0 
  422           0 
  423           0 
  424           0 
  425           0 
  426           0 
  427           1 
  428           0 
  429           0 
  430           0 
  431           0 
  432           0 
  433           0 
  434           1 
  435           0 
  436           0 
  437           0 
  438           0 
  439           1 
  440           0 
  441           0 
  442           1 
  443           0 
  444           0 
  445           0 
  446           0 
  447           0 
  448           0 
  449           1 
  450           0 
  451           0 
  452           0 
  453           0 
  454           0 
  455           0 
  456           0 
  457           0 
  458           0 
  459           0 
  460           0 
  461           0 
  462           0 
  463           3 
  464           0 
  465           0 
  466           0 
  467           0 
  468           0 
  469           0 
  470           0 
  471           0 
  472           0 
  473           0 
  474           0 
  475           0 
  476           1 
  477           0 
  478           0 
  479           0 
  480           0 
  481           0 
  482           1 
  483           1 
  484           1 
  485           0 
  486           0 
  487           1 
  488           0 
  489           0 
  490           0 
  491           0 
  492           0 
  493           0 
  494           0 
  495           0 
  496           1 
  497           0 
  498           1 
  499           0 
  500           0 
  501           0 
  502           0 
  503           0 
  504           0 
  505           0 
  506           0 
  507           0 
  508           0 
  509           0 
  510           0 
  511           0 
  512           0 
