    1           0 
    2           0 
    3           0 
    4           0 
    5           0 
    6           0 
    7           0 
    8           0 
    9           1 
   10         242 
   11         264 
   12         241 
   13         254 
   14         232 
   15         249 
   16         255 
   17         268 
   18         333 
   19         320 
   20         349 
   21         409 
   22         435 
   23         397 
   24         408 
   25         434 
   26         415 
   27         405 
   28         344 
   29         333 
   30         313 
   31         294 
   32         275 
   33         238 
   34         273 
   35         292 
   36         275 
   37         313 
   38         274 
   39         267 
   40         284 
   41         294 
   42         289 
   43         261 
   44         293 
   45         247 
   46         282 
   47         313 
   48         293 
   49         286 
   50         285 
   51         260 
   52         301 
   53         277 
   54         272 
   55         309 
   56         327 
   57         303 
   58         331 
   59         329 
   60         305 
   61         329 
   62         321 
   63         313 
   64         340 
   65         337 
   66         319 
   67         321 
   68         330 
   69         326 
   70         323 
   71         326 
   72         310 
   73         315 
   74         327 
   75         322 
   76         320 
   77         277 
   78         304 
   79         257 
   80         302 
   81         263 
   82         255 
   83         270 
   84         308 
   85         233 
   86         260 
   87         270 
   88         261 
   89         250 
   90         214 
   91         254 
   92         263 
   93         237 
   94         246 
   95         244 
   96         221 
   97         229 
   98         221 
   99         216 
  100         223 
  101         212 
  102         203 
  103         189 
  104         206 
  105         184 
  106         205 
  107         191 
  108         183 
  109         201 
  110         195 
  111         179 
  112         187 
  113         202 
  114         169 
  115         169 
  116         193 
  117         184 
  118         186 
  119         176 
  120         162 
  121         209 
  122         181 
  123         176 
  124         165 
  125         175 
  126         188 
  127         189 
  128         165 
  129         160 
  130         172 
  131         160 
  132         173 
  133         175 
  134         154 
  135         165 
  136         161 
  137         185 
  138         172 
  139         155 
  140         168 
  141         183 
  142         167 
  143         171 
  144         171 
  145         170 
  146         169 
  147         172 
  148         154 
  149         151 
  150         159 
  151         177 
  152         156 
  153         141 
  154         167 
  155         173 
  156         179 
  157         152 
  158         159 
  159         154 
  160         166 
  161         148 
  162         152 
  163         147 
  164         159 
  165         140 
  166         129 
  167         133 
  168         129 
  169         152 
  170         136 
  171         122 
  172         127 
  173         136 
  174         121 
  175         118 
  176         104 
  177         123 
  178         125 
  179         124 
  180         102 
  181         113 
  182         100 
  183         105 
  184          89 
  185          89 
  186         100 
  187          86 
  188          78 
  189          90 
  190          89 
  191          95 
  192          85 
  193          76 
  194          81 
  195          99 
  196          89 
  197          82 
  198          96 
  199          67 
  200          74 
  201          87 
  202          86 
  203          92 
  204          85 
  205          81 
  206          87 
  207          69 
  208          84 
  209          89 
  210          79 
  211          78 
  212          90 
  213          84 
  214          63 
  215          78 
  216          74 
  217          89 
  218          78 
  219          90 
  220          91 
  221          91 
  222          85 
  223          73 
  224         105 
  225          92 
  226          93 
  227          98 
  228         103 
  229         120 
  230         116 
  231         134 
  232         120 
  233         136 
  234         149 
  235         158 
  236         154 
  237         162 
  238         155 
  239         175 
  240         161 
  241         174 
  242         209 
  243         178 
  244         210 
  245         223 
  246         241 
  247         242 
  248         212 
  249         245 
  250         256 
  251         261 
  252         233 
  253         244 
  254         250 
  255         228 
  256         286 
  257         258 
  258         265 
  259         222 
  260         249 
  261         241 
  262         227 
  263         233 
  264         224 
  265         222 
  266         193 
  267         192 
  268         220 
  269         171 
  270         165 
  271         168 
  272         155 
  273         176 
  274         149 
  275         157 
  276         152 
  277         151 
  278         136 
  279         127 
  280         131 
  281         103 
  282         106 
  283         102 
  284          99 
  285         103 
  286         103 
  287          97 
  288          87 
  289          95 
  290          76 
  291          71 
  292          70 
  293          78 
  294          79 
  295          68 
  296          64 
  297          61 
  298          62 
  299          57 
  300          57 
  301          54 
  302          48 
  303          63 
  304          50 
  305          51 
  306          54 
  307          50 
  308          51 
  309          47 
  310          53 
  311          48 
  312          39 
  313          47 
  314          33 
  315          38 
  316          44 
  317          39 
  318          32 
  319          30 
  320          42 
  321          33 
  322          29 
  323          29 
  324          32 
  325          19 
  326          31 
  327          15 
  328          25 
  329          28 
  330          25 
  331          27 
  332          23 
  333          21 
  334          24 
  335          12 
  336          26 
  337          16 
  338          18 
  339          14 
  340          14 
  341          13 
  342          15 
  343          14 
  344          16 
  345           5 
  346          14 
  347          11 
  348          11 
  349          10 
  350           8 
  351          12 
  352           4 
  353           3 
  354           3 
  355           4 
  356           9 
  357           4 
  358          13 
  359           7 
  360           3 
  361           4 
  362           8 
  363           9 
  364           8 
  365           5 
  366           3 
  367           5 
  368           5 
  369           1 
  370           1 
  371           1 
  372           1 
  373           5 
  374           0 
  375           0 
  376           2 
  377           2 
  378           1 
  379           2 
  380           0 
  381           0 
  382           1 
  383           0 
  384           2 
  385           1 
  386           0 
  387           0 
  388           1 
  389           0 
  390           1 
  391           0 
  392           1 
  393           0 
  394           0 
  395           0 
  396           0 
  397           0 
  398           0 
  399           0 
  400           0 
  401           1 
  402           0 
  403           1 
  404           0 
  405           0 
  406           0 
  407           0 
  408           0 
  409           0 
  410           2 
  411           0 
  412           0 
  413           0 
  414           1 
  415           1 
  416           1 
  417           0 
  418           0 
  419           0 
  420           0 
  421           0 
  422           0 
  423           0 
  424           0 
  425           2 
  426           0 
  427           0 
  428           2 
  429           0 
  430           0 
  431           0 
  432           0 
  433           0 
  434           0 
  435           0 
  436           0 
  437           1 
  438           1 
  439           0 
  440           0 
  441           0 
  442           0 
  443           0 
  444           0 
  445           0 
  446           1 
  447           0 
  448           0 
  449           0 
  450           0 
  451           1 
  452           0 
  453           0 
  454           1 
  455           0 
  456           2 
  457           0 
  458           1 
  459           2 
  460           0 
  461           0 
  462           0 
  463           0 
  464           0 
  465           2 
  466           0 
  467           0 
  468           0 
  469           0 
  470           0 
  471           0 
  472           0 
  473           0 
  474           0 
  475           0 
  476           0 
  477           0 
  478           0 
  479           0 
  480           0 
  481           2 
  482           0 
  483           0 
  484           0 
  485           0 
  486           0 
  487           0 
  488           0 
  489           0 
  490           0 
  491           0 
  492           0 
  493           0 
  494           0 
  495           0 
  496           2 
  497           0 
  498           0 
  499           0 
  500           0 
  501           0 
  502           0 
  503           0 
  504           0 
  505           0 
  506           0 
  507           0 
  508           0 
  509           0 
  510           0 
  511           0 
  512           0 
