    1           0 
    2           0 
    3           0 
    4           0 
    5           0 
    6           0 
    7           0 
    8           0 
    9           1 
   10           9 
   11           6 
   12          10 
   13           3 
   14          12 
   15          11 
   16          10 
   17          16 
   18          15 
   19          15 
   20          18 
   21          15 
   22          31 
   23          32 
   24          28 
   25          25 
   26          21 
   27          20 
   28          14 
   29          21 
   30          14 
   31          12 
   32          18 
   33          14 
   34           8 
   35           8 
   36           6 
   37           7 
   38          13 
   39           8 
   40           8 
   41          10 
   42           9 
   43           9 
   44           9 
   45          15 
   46           5 
   47          19 
   48          10 
   49          11 
   50           9 
   51           9 
   52          13 
   53          15 
   54           8 
   55          20 
   56          12 
   57          13 
   58           4 
   59          16 
   60          17 
   61          13 
   62           7 
   63          12 
   64          11 
   65          12 
   66           8 
   67          11 
   68          10 
   69          11 
   70          11 
   71          10 
   72          11 
   73          13 
   74          12 
   75           3 
   76          11 
   77          10 
   78          13 
   79          13 
   80           7 
   81           6 
   82           7 
   83           8 
   84           5 
   85           9 
   86           7 
   87           7 
   88           8 
   89           4 
   90          12 
   91           4 
   92           4 
   93          10 
   94           7 
   95           5 
   96           6 
   97           2 
   98           4 
   99           8 
  100           5 
  101           8 
  102           7 
  103           5 
  104          10 
  105           6 
  106           4 
  107           3 
  108           7 
  109           2 
  110           7 
  111           8 
  112           6 
  113           3 
  114           5 
  115           4 
  116          12 
  117           6 
  118           4 
  119           5 
  120           7 
  121           4 
  122           6 
  123           6 
  124           4 
  125          11 
  126           5 
  127           3 
  128           4 
  129           3 
  130           6 
  131           8 
  132           7 
  133           3 
  134           2 
  135           6 
  136          10 
  137           1 
  138           7 
  139           3 
  140           5 
  141           3 
  142           7 
  143           3 
  144           3 
  145           3 
  146           6 
  147           8 
  148           4 
  149           4 
  150           5 
  151           2 
  152           5 
  153           4 
  154           3 
  155           1 
  156           4 
  157           1 
  158           5 
  159           1 
  160           4 
  161           3 
  162           2 
  163           5 
  164           1 
  165           3 
  166           1 
  167           0 
  168           2 
  169           2 
  170           1 
  171           3 
  172           1 
  173           3 
  174           3 
  175           1 
  176           2 
  177           4 
  178           0 
  179           2 
  180           1 
  181           1 
  182           4 
  183           0 
  184           2 
  185           0 
  186           1 
  187           5 
  188           2 
  189           1 
  190           2 
  191           1 
  192           2 
  193           1 
  194           2 
  195           1 
  196           2 
  197           1 
  198           4 
  199           0 
  200           0 
  201           2 
  202           1 
  203           1 
  204           1 
  205           1 
  206           2 
  207           2 
  208           1 
  209           0 
  210           2 
  211           1 
  212           0 
  213           1 
  214           0 
  215           1 
  216           1 
  217           1 
  218           0 
  219           1 
  220           1 
  221           0 
  222           0 
  223           1 
  224           1 
  225           0 
  226           0 
  227           1 
  228           0 
  229           3 
  230           0 
  231           0 
  232           1 
  233           1 
  234           2 
  235           1 
  236           2 
  237           0 
  238           0 
  239           2 
  240           2 
  241           0 
  242           0 
  243           1 
  244           1 
  245           2 
  246           1 
  247           0 
  248           1 
  249           0 
  250           0 
  251           1 
  252           0 
  253           0 
  254           0 
  255           1 
  256           1 
  257           2 
  258           1 
  259           1 
  260           0 
  261           0 
  262           0 
  263           0 
  264           0 
  265           0 
  266           0 
  267           0 
  268           1 
  269           0 
  270           2 
  271           1 
  272           0 
  273           2 
  274           0 
  275           0 
  276           0 
  277           2 
  278           0 
  279           0 
  280           2 
  281           0 
  282           3 
  283           0 
  284           0 
  285           0 
  286           1 
  287           0 
  288           0 
  289           0 
  290           0 
  291           1 
  292           1 
  293           0 
  294           1 
  295           1 
  296           0 
  297           0 
  298           1 
  299           0 
  300           0 
  301           0 
  302           0 
  303           2 
  304           0 
  305           1 
  306           1 
  307           0 
  308           0 
  309           0 
  310           0 
  311           0 
  312           0 
  313           0 
  314           1 
  315           0 
  316           0 
  317           0 
  318           0 
  319           0 
  320           0 
  321           0 
  322           1 
  323           0 
  324           1 
  325           0 
  326           0 
  327           0 
  328           0 
  329           0 
  330           0 
  331           2 
  332           0 
  333           0 
  334           0 
  335           0 
  336           0 
  337           0 
  338           0 
  339           0 
  340           0 
  341           0 
  342           0 
  343           1 
  344           1 
  345           0 
  346           0 
  347           0 
  348           0 
  349           0 
  350           1 
  351           0 
  352           0 
  353           0 
  354           0 
  355           0 
  356           0 
  357           1 
  358           0 
  359           0 
  360           0 
  361           2 
  362           1 
  363           0 
  364           0 
  365           0 
  366           0 
  367           1 
  368           1 
  369           0 
  370           1 
  371           0 
  372           0 
  373           1 
  374           1 
  375           0 
  376           0 
  377           2 
  378           0 
  379           0 
  380           0 
  381           0 
  382           0 
  383           0 
  384           1 
  385           0 
  386           0 
  387           1 
  388           0 
  389           0 
  390           1 
  391           0 
  392           0 
  393           0 
  394           0 
  395           0 
  396           1 
  397           0 
  398           0 
  399           0 
  400           0 
  401           0 
  402           1 
  403           0 
  404           0 
  405           0 
  406           0 
  407           1 
  408           0 
  409           1 
  410           1 
  411           1 
  412           0 
  413           0 
  414           0 
  415           0 
  416           0 
  417           0 
  418           2 
  419           0 
  420           0 
  421           1 
  422           0 
  423           2 
  424           0 
  425           0 
  426           0 
  427           1 
  428           0 
  429           0 
  430           0 
  431           0 
  432           0 
  433           0 
  434           1 
  435           0 
  436           2 
  437           0 
  438           0 
  439           0 
  440           0 
  441           0 
  442           0 
  443           1 
  444           0 
  445           0 
  446           2 
  447           0 
  448           0 
  449           1 
  450           0 
  451           2 
  452           0 
  453           0 
  454           0 
  455           0 
  456           0 
  457           0 
  458           0 
  459           0 
  460           0 
  461           0 
  462           0 
  463           1 
  464           0 
  465           0 
  466           1 
  467           0 
  468           0 
  469           0 
  470           0 
  471           1 
  472           0 
  473           0 
  474           0 
  475           0 
  476           1 
  477           1 
  478           0 
  479           0 
  480           0 
  481           0 
  482           1 
  483           0 
  484           0 
  485           0 
  486           0 
  487           1 
  488           2 
  489           0 
  490           0 
  491           1 
  492           0 
  493           0 
  494           0 
  495           1 
  496           0 
  497           0 
  498           1 
  499           0 
  500           0 
  501           0 
  502           0 
  503           0 
  504           0 
  505           0 
  506           0 
  507           0 
  508           0 
  509           0 
  510           0 
  511           0 
  512           0 
