    1           0 
    2           0 
    3           0 
    4           0 
    5           0 
    6           0 
    7           0 
    8           0 
    9           2 
   10         333 
   11         333 
   12         324 
   13         322 
   14         314 
   15         339 
   16         332 
   17         341 
   18         364 
   19         389 
   20         415 
   21         482 
   22         492 
   23         519 
   24         535 
   25         496 
   26         481 
   27         435 
   28         472 
   29         380 
   30         360 
   31         387 
   32         363 
   33         356 
   34         339 
   35         373 
   36         379 
   37         346 
   38         358 
   39         387 
   40         359 
   41         387 
   42         353 
   43         379 
   44         366 
   45         378 
   46         398 
   47         378 
   48         347 
   49         380 
   50         329 
   51         369 
   52         382 
   53         351 
   54         333 
   55         389 
   56         379 
   57         382 
   58         367 
   59         411 
   60         376 
   61         408 
   62         373 
   63         353 
   64         433 
   65         364 
   66         407 
   67         372 
   68         388 
   69         401 
   70         380 
   71         409 
   72         373 
   73         382 
   74         387 
   75         379 
   76         391 
   77         372 
   78         399 
   79         374 
   80         352 
   81         357 
   82         312 
   83         307 
   84         303 
   85         346 
   86         308 
   87         328 
   88         348 
   89         329 
   90         298 
   91         303 
   92         305 
   93         311 
   94         302 
   95         300 
   96         291 
   97         265 
   98         253 
   99         258 
  100         284 
  101         273 
  102         286 
  103         255 
  104         241 
  105         298 
  106         251 
  107         275 
  108         257 
  109         244 
  110         242 
  111         241 
  112         262 
  113         249 
  114         233 
  115         245 
  116         238 
  117         239 
  118         221 
  119         260 
  120         219 
  121         236 
  122         241 
  123         229 
  124         240 
  125         232 
  126         223 
  127         236 
  128         232 
  129         234 
  130         231 
  131         216 
  132         221 
  133         223 
  134         241 
  135         204 
  136         224 
  137         229 
  138         199 
  139         216 
  140         241 
  141         223 
  142         247 
  143         197 
  144         193 
  145         214 
  146         224 
  147         232 
  148         227 
  149         207 
  150         238 
  151         201 
  152         211 
  153         224 
  154         210 
  155         207 
  156         198 
  157         206 
  158         224 
  159         216 
  160         219 
  161         223 
  162         207 
  163         218 
  164         221 
  165         212 
  166         198 
  167         178 
  168         202 
  169         190 
  170         174 
  171         191 
  172         180 
  173         157 
  174         171 
  175         138 
  176         172 
  177         170 
  178         156 
  179         174 
  180         132 
  181         164 
  182         156 
  183         147 
  184         137 
  185         125 
  186         130 
  187         132 
  188         146 
  189         104 
  190         126 
  191         130 
  192         113 
  193         119 
  194          93 
  195         110 
  196          88 
  197         109 
  198         110 
  199          98 
  200         104 
  201          98 
  202          94 
  203          97 
  204         101 
  205         104 
  206          96 
  207          96 
  208         102 
  209          83 
  210          85 
  211          82 
  212          69 
  213          82 
  214         101 
  215          99 
  216          96 
  217          94 
  218         113 
  219         108 
  220          90 
  221         115 
  222         102 
  223          94 
  224         108 
  225         111 
  226         112 
  227         106 
  228         124 
  229         134 
  230         130 
  231         155 
  232         146 
  233         158 
  234         142 
  235         143 
  236         153 
  237         187 
  238         189 
  239         172 
  240         225 
  241         244 
  242         233 
  243         235 
  244         244 
  245         262 
  246         284 
  247         261 
  248         303 
  249         286 
  250         302 
  251         333 
  252         317 
  253         314 
  254         307 
  255         334 
  256         330 
  257         348 
  258         366 
  259         345 
  260         361 
  261         319 
  262         343 
  263         305 
  264         316 
  265         317 
  266         320 
  267         310 
  268         322 
  269         282 
  270         265 
  271         279 
  272         274 
  273         254 
  274         225 
  275         239 
  276         222 
  277         209 
  278         186 
  279         199 
  280         183 
  281         164 
  282         192 
  283         175 
  284         153 
  285         153 
  286         135 
  287         150 
  288         137 
  289         120 
  290         114 
  291          94 
  292         111 
  293         110 
  294         115 
  295         108 
  296         100 
  297          77 
  298         120 
  299          93 
  300          90 
  301          76 
  302          64 
  303          93 
  304          82 
  305          71 
  306          81 
  307          55 
  308          71 
  309          58 
  310          60 
  311          69 
  312          55 
  313          54 
  314          67 
  315          60 
  316          57 
  317          50 
  318          52 
  319          53 
  320          52 
  321          48 
  322          40 
  323          45 
  324          47 
  325          40 
  326          47 
  327          36 
  328          30 
  329          32 
  330          33 
  331          43 
  332          36 
  333          34 
  334          26 
  335          26 
  336          28 
  337          28 
  338          28 
  339          23 
  340          22 
  341          28 
  342          18 
  343          18 
  344          29 
  345          21 
  346          17 
  347          19 
  348          22 
  349          20 
  350          13 
  351          15 
  352           9 
  353          15 
  354           9 
  355           8 
  356           9 
  357           6 
  358           6 
  359           8 
  360           9 
  361           8 
  362           5 
  363           5 
  364           4 
  365           5 
  366           7 
  367           4 
  368           7 
  369           4 
  370           7 
  371           1 
  372           2 
  373           4 
  374           5 
  375           4 
  376           2 
  377           0 
  378           3 
  379           1 
  380           1 
  381           2 
  382           0 
  383           0 
  384           0 
  385           0 
  386           1 
  387           0 
  388           2 
  389           0 
  390           0 
  391           0 
  392           0 
  393           1 
  394           1 
  395           0 
  396           0 
  397           0 
  398           0 
  399           0 
  400           0 
  401           0 
  402           0 
  403           1 
  404           1 
  405           0 
  406           0 
  407           1 
  408           0 
  409           0 
  410           0 
  411           0 
  412           0 
  413           0 
  414           0 
  415           0 
  416           0 
  417           0 
  418           0 
  419           0 
  420           0 
  421           1 
  422           0 
  423           0 
  424           3 
  425           0 
  426           1 
  427           0 
  428           0 
  429           0 
  430           0 
  431           1 
  432           0 
  433           0 
  434           0 
  435           0 
  436           0 
  437           1 
  438           1 
  439           0 
  440           0 
  441           0 
  442           0 
  443           0 
  444           0 
  445           1 
  446           0 
  447           0 
  448           0 
  449           0 
  450           0 
  451           0 
  452           0 
  453           1 
  454           1 
  455           0 
  456           0 
  457           0 
  458           0 
  459           0 
  460           0 
  461           0 
  462           0 
  463           0 
  464           1 
  465           0 
  466           0 
  467           0 
  468           0 
  469           0 
  470           1 
  471           0 
  472           1 
  473           0 
  474           1 
  475           0 
  476           0 
  477           1 
  478           1 
  479           0 
  480           1 
  481           2 
  482           1 
  483           1 
  484           0 
  485           0 
  486           0 
  487           0 
  488           0 
  489           1 
  490           1 
  491           0 
  492           0 
  493           0 
  494           0 
  495           1 
  496           0 
  497           0 
  498           0 
  499           1 
  500           0 
  501           0 
  502           0 
  503           0 
  504           0 
  505           0 
  506           0 
  507           0 
  508           0 
  509           0 
  510           0 
  511           0 
  512           0 
