    1           0 
    2           0 
    3           0 
    4           0 
    5           0 
    6           0 
    7           0 
    8           0 
    9           1 
   10          76 
   11          83 
   12          67 
   13          71 
   14          67 
   15          62 
   16          74 
   17          66 
   18          67 
   19          91 
   20         105 
   21          81 
   22         119 
   23         111 
   24          99 
   25         110 
   26          99 
   27          73 
   28          89 
   29          78 
   30          84 
   31          67 
   32          74 
   33          70 
   34          76 
   35          72 
   36          81 
   37          71 
   38          68 
   39          88 
   40          77 
   41          95 
   42          91 
   43          86 
   44          91 
   45         101 
   46         103 
   47         115 
   48          97 
   49          93 
   50          87 
   51          91 
   52          86 
   53          99 
   54          76 
   55          88 
   56          80 
   57          85 
   58          85 
   59          75 
   60          67 
   61          73 
   62          72 
   63          43 
   64          62 
   65          43 
   66          54 
   67          46 
   68          38 
   69          45 
   70          50 
   71          31 
   72          38 
   73          32 
   74          35 
   75          32 
   76          35 
   77          42 
   78          33 
   79          31 
   80          48 
   81          37 
   82          28 
   83          31 
   84          41 
   85          35 
   86          30 
   87          29 
   88          36 
   89          33 
   90          41 
   91          33 
   92          43 
   93          38 
   94          46 
   95          36 
   96          36 
   97          39 
   98          51 
   99          59 
  100          62 
  101          61 
  102          81 
  103          77 
  104          98 
  105          86 
  106         117 
  107         121 
  108         139 
  109         135 
  110         150 
  111         148 
  112         180 
  113         175 
  114         189 
  115         202 
  116         227 
  117         219 
  118         208 
  119         220 
  120         210 
  121         214 
  122         202 
  123         226 
  124         195 
  125         174 
  126         168 
  127         135 
  128         158 
  129         148 
  130         128 
  131         129 
  132         101 
  133         114 
  134          74 
  135          91 
  136          88 
  137          79 
  138          80 
  139          60 
  140          50 
  141          76 
  142          66 
  143          43 
  144          47 
  145          47 
  146          43 
  147          40 
  148          39 
  149          46 
  150          30 
  151          37 
  152          24 
  153          27 
  154          36 
  155          27 
  156          43 
  157          23 
  158          20 
  159          21 
  160          20 
  161          25 
  162          16 
  163          15 
  164          14 
  165          18 
  166          18 
  167          14 
  168          12 
  169          12 
  170          17 
  171           8 
  172          11 
  173           9 
  174           7 
  175           7 
  176           8 
  177           4 
  178           8 
  179           5 
  180           4 
  181           6 
  182           4 
  183           8 
  184           3 
  185           2 
  186           2 
  187           0 
  188           3 
  189           3 
  190           5 
  191           2 
  192           1 
  193           3 
  194           2 
  195           3 
  196           4 
  197           3 
  198           0 
  199           2 
  200           2 
  201           0 
  202           2 
  203           3 
  204           3 
  205           1 
  206           0 
  207           2 
  208           1 
  209           0 
  210           1 
  211           2 
  212           1 
  213           4 
  214           1 
  215           2 
  216           0 
  217           1 
  218           1 
  219           2 
  220           0 
  221           0 
  222           2 
  223           1 
  224           0 
  225           1 
  226           3 
  227           0 
  228           0 
  229           2 
  230           3 
  231           1 
  232           1 
  233           0 
  234           0 
  235           2 
  236           2 
  237           0 
  238           1 
  239           0 
  240           0 
  241           1 
  242           0 
  243           0 
  244           2 
  245           0 
  246           0 
  247           0 
  248           1 
  249           2 
  250           3 
  251           1 
  252           0 
  253           0 
  254           1 
  255           1 
  256           2 
  257           1 
  258           0 
  259           1 
  260           0 
  261           0 
  262           0 
  263           0 
  264           0 
  265           0 
  266           0 
  267           0 
  268           0 
  269           0 
  270           1 
  271           2 
  272           1 
  273           1 
  274           0 
  275           3 
  276           0 
  277           0 
  278           0 
  279           2 
  280           1 
  281           0 
  282           0 
  283           0 
  284           1 
  285           1 
  286           0 
  287           1 
  288           0 
  289           1 
  290           0 
  291           0 
  292           0 
  293           2 
  294           0 
  295           0 
  296           0 
  297           1 
  298           0 
  299           0 
  300           0 
  301           2 
  302           1 
  303           1 
  304           1 
  305           0 
  306           0 
  307           0 
  308           0 
  309           0 
  310           2 
  311           1 
  312           0 
  313           0 
  314           0 
  315           0 
  316           1 
  317           0 
  318           0 
  319           0 
  320           0 
  321           0 
  322           0 
  323           1 
  324           1 
  325           0 
  326           3 
  327           0 
  328           1 
  329           0 
  330           0 
  331           1 
  332           0 
  333           1 
  334           0 
  335           0 
  336           2 
  337           0 
  338           1 
  339           1 
  340           2 
  341           0 
  342           0 
  343           0 
  344           1 
  345           0 
  346           0 
  347           1 
  348           0 
  349           0 
  350           0 
  351           0 
  352           0 
  353           0 
  354           0 
  355           0 
  356           0 
  357           0 
  358           1 
  359           0 
  360           3 
  361           2 
  362           0 
  363           0 
  364           0 
  365           0 
  366           1 
  367           0 
  368           0 
  369           1 
  370           0 
  371           0 
  372           1 
  373           1 
  374           0 
  375           0 
  376           1 
  377           1 
  378           0 
  379           0 
  380           0 
  381           0 
  382           0 
  383           0 
  384           0 
  385           0 
  386           1 
  387           0 
  388           0 
  389           0 
  390           0 
  391           0 
  392           0 
  393           1 
  394           0 
  395           0 
  396           0 
  397           0 
  398           0 
  399           2 
  400           0 
  401           0 
  402           1 
  403           0 
  404           0 
  405           1 
  406           0 
  407           2 
  408           0 
  409           0 
  410           0 
  411           0 
  412           0 
  413           1 
  414           1 
  415           0 
  416           0 
  417           0 
  418           0 
  419           0 
  420           1 
  421           1 
  422           0 
  423           0 
  424           0 
  425           0 
  426           1 
  427           2 
  428           2 
  429           0 
  430           0 
  431           1 
  432           0 
  433           0 
  434           0 
  435           0 
  436           0 
  437           1 
  438           0 
  439           0 
  440           0 
  441           0 
  442           0 
  443           2 
  444           0 
  445           0 
  446           1 
  447           0 
  448           0 
  449           0 
  450           0 
  451           0 
  452           0 
  453           1 
  454           0 
  455           0 
  456           0 
  457           1 
  458           1 
  459           2 
  460           0 
  461           0 
  462           1 
  463           0 
  464           0 
  465           0 
  466           0 
  467           0 
  468           0 
  469           0 
  470           0 
  471           0 
  472           0 
  473           1 
  474           0 
  475           0 
  476           0 
  477           0 
  478           0 
  479           0 
  480           0 
  481           0 
  482           2 
  483           0 
  484           0 
  485           0 
  486           0 
  487           0 
  488           0 
  489           0 
  490           0 
  491           0 
  492           0 
  493           0 
  494           2 
  495           0 
  496           0 
  497           0 
  498           0 
  499           0 
  500           0 
  501           0 
  502           0 
  503           0 
  504           0 
  505           0 
  506           0 
  507           0 
  508           0 
  509           0 
  510           0 
  511           0 
  512           0 
