    1           0 
    2           0 
    3           0 
    4           0 
    5           0 
    6           0 
    7           0 
    8           0 
    9           1 
   10          43 
   11          44 
   12          59 
   13          52 
   14          50 
   15          30 
   16          58 
   17          57 
   18          64 
   19          87 
   20          99 
   21         112 
   22         164 
   23         146 
   24         162 
   25         138 
   26         115 
   27         112 
   28         107 
   29          86 
   30          73 
   31          52 
   32          62 
   33          36 
   34          44 
   35          42 
   36          61 
   37          55 
   38          52 
   39          44 
   40          58 
   41          47 
   42          64 
   43          49 
   44          48 
   45          39 
   46          39 
   47          46 
   48          48 
   49          54 
   50          40 
   51          52 
   52          56 
   53          67 
   54          51 
   55          53 
   56          43 
   57          48 
   58          37 
   59          53 
   60          56 
   61          64 
   62          41 
   63          63 
   64          39 
   65          58 
   66          48 
   67          55 
   68          45 
   69          60 
   70          41 
   71          41 
   72          33 
   73          42 
   74          32 
   75          43 
   76          26 
   77          48 
   78          44 
   79          38 
   80          34 
   81          29 
   82          44 
   83          30 
   84          42 
   85          39 
   86          34 
   87          25 
   88          37 
   89          39 
   90          23 
   91          41 
   92          40 
   93          40 
   94          38 
   95          31 
   96          21 
   97          41 
   98          31 
   99          30 
  100          28 
  101          31 
  102          46 
  103          34 
  104          27 
  105          24 
  106          32 
  107          22 
  108          27 
  109          35 
  110          43 
  111          37 
  112          32 
  113          20 
  114          24 
  115          28 
  116          24 
  117          25 
  118          39 
  119          24 
  120          28 
  121          24 
  122          33 
  123          22 
  124          17 
  125          28 
  126          22 
  127          33 
  128          22 
  129          23 
  130          23 
  131          25 
  132          30 
  133          31 
  134          20 
  135          24 
  136          25 
  137          26 
  138          15 
  139          20 
  140          30 
  141          22 
  142          16 
  143          24 
  144          25 
  145          26 
  146          20 
  147          22 
  148           9 
  149          19 
  150          15 
  151          15 
  152          18 
  153          18 
  154          20 
  155          18 
  156          16 
  157          26 
  158          17 
  159          10 
  160          15 
  161          14 
  162          18 
  163          14 
  164          16 
  165          11 
  166          15 
  167          12 
  168          14 
  169          13 
  170          20 
  171           8 
  172          15 
  173          13 
  174          17 
  175          19 
  176          17 
  177          14 
  178          13 
  179          14 
  180          19 
  181          14 
  182           8 
  183          16 
  184          12 
  185          11 
  186          16 
  187          13 
  188          15 
  189          18 
  190           5 
  191          20 
  192          13 
  193          20 
  194          12 
  195          17 
  196          12 
  197          17 
  198          13 
  199          21 
  200          19 
  201          21 
  202          16 
  203          21 
  204          18 
  205          16 
  206          12 
  207          23 
  208          24 
  209          27 
  210          26 
  211          19 
  212          24 
  213          29 
  214          23 
  215          21 
  216          29 
  217          32 
  218          31 
  219          34 
  220          34 
  221          28 
  222          38 
  223          31 
  224          34 
  225          30 
  226          48 
  227          37 
  228          48 
  229          39 
  230          46 
  231          38 
  232          46 
  233          37 
  234          41 
  235          41 
  236          43 
  237          40 
  238          31 
  239          37 
  240          30 
  241          31 
  242          38 
  243          36 
  244          21 
  245          32 
  246          28 
  247          20 
  248          20 
  249          27 
  250          25 
  251          22 
  252          24 
  253          20 
  254          23 
  255          15 
  256          26 
  257           9 
  258          26 
  259          23 
  260          17 
  261          10 
  262          16 
  263          11 
  264          11 
  265          18 
  266          14 
  267          15 
  268          16 
  269           8 
  270          11 
  271          10 
  272          11 
  273           8 
  274           9 
  275           6 
  276          14 
  277          14 
  278           7 
  279           9 
  280           9 
  281          11 
  282          13 
  283           5 
  284           4 
  285           2 
  286           7 
  287          12 
  288          10 
  289          10 
  290           7 
  291           5 
  292           5 
  293           8 
  294           3 
  295           5 
  296           4 
  297           6 
  298           6 
  299           7 
  300           4 
  301           3 
  302           1 
  303           3 
  304           5 
  305           4 
  306           6 
  307           3 
  308           6 
  309           0 
  310           3 
  311           2 
  312           0 
  313           1 
  314           1 
  315           1 
  316           1 
  317           3 
  318           3 
  319           2 
  320           2 
  321           0 
  322           2 
  323           2 
  324           2 
  325           2 
  326           1 
  327           0 
  328           1 
  329           0 
  330           2 
  331           0 
  332           0 
  333           0 
  334           1 
  335           1 
  336           0 
  337           3 
  338           1 
  339           1 
  340           2 
  341           1 
  342           0 
  343           0 
  344           1 
  345           0 
  346           0 
  347           2 
  348           0 
  349           0 
  350           1 
  351           1 
  352           1 
  353           0 
  354           0 
  355           0 
  356           0 
  357           2 
  358           0 
  359           2 
  360           1 
  361           2 
  362           0 
  363           0 
  364           0 
  365           1 
  366           2 
  367           1 
  368           1 
  369           0 
  370           0 
  371           0 
  372           0 
  373           2 
  374           0 
  375           1 
  376           0 
  377           0 
  378           1 
  379           1 
  380           0 
  381           0 
  382           0 
  383           1 
  384           0 
  385           0 
  386           0 
  387           2 
  388           0 
  389           0 
  390           0 
  391           0 
  392           0 
  393           1 
  394           0 
  395           0 
  396           0 
  397           0 
  398           0 
  399           0 
  400           0 
  401           0 
  402           0 
  403           0 
  404           0 
  405           1 
  406           1 
  407           0 
  408           1 
  409           0 
  410           0 
  411           0 
  412           1 
  413           0 
  414           0 
  415           0 
  416           1 
  417           0 
  418           0 
  419           1 
  420           0 
  421           2 
  422           0 
  423           1 
  424           0 
  425           0 
  426           0 
  427           0 
  428           0 
  429           0 
  430           0 
  431           1 
  432           0 
  433           0 
  434           0 
  435           0 
  436           1 
  437           1 
  438           0 
  439           0 
  440           0 
  441           0 
  442           0 
  443           0 
  444           0 
  445           1 
  446           1 
  447           0 
  448           0 
  449           0 
  450           1 
  451           1 
  452           0 
  453           0 
  454           0 
  455           0 
  456           0 
  457           2 
  458           0 
  459           0 
  460           1 
  461           0 
  462           0 
  463           1 
  464           0 
  465           0 
  466           0 
  467           0 
  468           1 
  469           1 
  470           1 
  471           0 
  472           1 
  473           0 
  474           0 
  475           0 
  476           0 
  477           1 
  478           1 
  479           0 
  480           1 
  481           0 
  482           0 
  483           1 
  484           0 
  485           0 
  486           0 
  487           0 
  488           0 
  489           0 
  490           0 
  491           0 
  492           0 
  493           0 
  494           0 
  495           0 
  496           1 
  497           0 
  498           1 
  499           0 
  500           0 
  501           0 
  502           0 
  503           0 
  504           0 
  505           0 
  506           0 
  507           0 
  508           0 
  509           0 
  510           0 
  511           0 
  512           0 
