    1           0 
    2           0 
    3           0 
    4           0 
    5           0 
    6           0 
    7           0 
    8           0 
    9           1 
   10          10 
   11          17 
   12          10 
   13          20 
   14          12 
   15          11 
   16          14 
   17          13 
   18          23 
   19          19 
   20          34 
   21          37 
   22          42 
   23          40 
   24          39 
   25          39 
   26          42 
   27          27 
   28          32 
   29          21 
   30          17 
   31          17 
   32          20 
   33          14 
   34          17 
   35          11 
   36          21 
   37          13 
   38          13 
   39          19 
   40          15 
   41          12 
   42          18 
   43          17 
   44          16 
   45          18 
   46           7 
   47          14 
   48          10 
   49          12 
   50          11 
   51           9 
   52          13 
   53          12 
   54          21 
   55          18 
   56           8 
   57          17 
   58          14 
   59          11 
   60          22 
   61          20 
   62          18 
   63          17 
   64          18 
   65          13 
   66          15 
   67          16 
   68           8 
   69          19 
   70          14 
   71          10 
   72          10 
   73           8 
   74          19 
   75          13 
   76          12 
   77          13 
   78          13 
   79          17 
   80           9 
   81          13 
   82           8 
   83          12 
   84           9 
   85          11 
   86           4 
   87          10 
   88          16 
   89           7 
   90          12 
   91          11 
   92          12 
   93           6 
   94           7 
   95          12 
   96          10 
   97           6 
   98           4 
   99           8 
  100           6 
  101           6 
  102           4 
  103           6 
  104           5 
  105           8 
  106           7 
  107           7 
  108           7 
  109          10 
  110           5 
  111           8 
  112           3 
  113           4 
  114          11 
  115           6 
  116          11 
  117           7 
  118           6 
  119           4 
  120           5 
  121           7 
  122           4 
  123           5 
  124           4 
  125           3 
  126           6 
  127          10 
  128           1 
  129           7 
  130           9 
  131           8 
  132           2 
  133           7 
  134           5 
  135           3 
  136           6 
  137           8 
  138           5 
  139           9 
  140           5 
  141           7 
  142           4 
  143           9 
  144           4 
  145           6 
  146           8 
  147           9 
  148           5 
  149           6 
  150           3 
  151           5 
  152           5 
  153          10 
  154           6 
  155          11 
  156           4 
  157           7 
  158           8 
  159          15 
  160           5 
  161           5 
  162           6 
  163          12 
  164           8 
  165           9 
  166           8 
  167           7 
  168          10 
  169           4 
  170           6 
  171           6 
  172          15 
  173          11 
  174           7 
  175           5 
  176           7 
  177           5 
  178           9 
  179           3 
  180           7 
  181           7 
  182           5 
  183           1 
  184           2 
  185           5 
  186           5 
  187           5 
  188           5 
  189           7 
  190           5 
  191           3 
  192           2 
  193           4 
  194           3 
  195           3 
  196           2 
  197           3 
  198           2 
  199           1 
  200           1 
  201           3 
  202           1 
  203           2 
  204           1 
  205           1 
  206           1 
  207           1 
  208           0 
  209           1 
  210           1 
  211           1 
  212           2 
  213           2 
  214           1 
  215           0 
  216           2 
  217           1 
  218           1 
  219           1 
  220           1 
  221           1 
  222           1 
  223           1 
  224           1 
  225           0 
  226           2 
  227           2 
  228           1 
  229           1 
  230           1 
  231           2 
  232           1 
  233           0 
  234           2 
  235           1 
  236           0 
  237           0 
  238           1 
  239           2 
  240           1 
  241           2 
  242           0 
  243           3 
  244           1 
  245           0 
  246           2 
  247           2 
  248           0 
  249           3 
  250           2 
  251           0 
  252           1 
  253           1 
  254           0 
  255           1 
  256           0 
  257           2 
  258           0 
  259           1 
  260           0 
  261           1 
  262           2 
  263           1 
  264           2 
  265           0 
  266           1 
  267           1 
  268           1 
  269           0 
  270           0 
  271           0 
  272           1 
  273           0 
  274           0 
  275           0 
  276           0 
  277           0 
  278           2 
  279           0 
  280           2 
  281           0 
  282           2 
  283           0 
  284           1 
  285           0 
  286           0 
  287           0 
  288           1 
  289           2 
  290           0 
  291           0 
  292           2 
  293           1 
  294           1 
  295           1 
  296           1 
  297           1 
  298           0 
  299           0 
  300           0 
  301           0 
  302           0 
  303           0 
  304           2 
  305           0 
  306           0 
  307           0 
  308           0 
  309           0 
  310           0 
  311           0 
  312           1 
  313           0 
  314           0 
  315           0 
  316           0 
  317           0 
  318           1 
  319           0 
  320           1 
  321           0 
  322           0 
  323           0 
  324           1 
  325           0 
  326           0 
  327           3 
  328           1 
  329           1 
  330           0 
  331           0 
  332           1 
  333           0 
  334           0 
  335           2 
  336           1 
  337           0 
  338           0 
  339           1 
  340           0 
  341           0 
  342           0 
  343           1 
  344           0 
  345           0 
  346           0 
  347           1 
  348           1 
  349           0 
  350           0 
  351           0 
  352           0 
  353           0 
  354           0 
  355           0 
  356           0 
  357           0 
  358           0 
  359           1 
  360           0 
  361           1 
  362           0 
  363           0 
  364           0 
  365           1 
  366           0 
  367           1 
  368           2 
  369           0 
  370           0 
  371           0 
  372           0 
  373           0 
  374           1 
  375           0 
  376           0 
  377           0 
  378           0 
  379           0 
  380           1 
  381           0 
  382           0 
  383           1 
  384           0 
  385           1 
  386           0 
  387           1 
  388           0 
  389           0 
  390           0 
  391           0 
  392           1 
  393           2 
  394           0 
  395           1 
  396           0 
  397           0 
  398           0 
  399           0 
  400           1 
  401           0 
  402           1 
  403           0 
  404           0 
  405           0 
  406           0 
  407           0 
  408           0 
  409           0 
  410           3 
  411           0 
  412           1 
  413           0 
  414           0 
  415           0 
  416           0 
  417           0 
  418           0 
  419           1 
  420           0 
  421           1 
  422           0 
  423           0 
  424           0 
  425           0 
  426           0 
  427           0 
  428           0 
  429           1 
  430           0 
  431           0 
  432           0 
  433           0 
  434           0 
  435           0 
  436           0 
  437           0 
  438           0 
  439           0 
  440           0 
  441           0 
  442           0 
  443           0 
  444           0 
  445           0 
  446           1 
  447           0 
  448           0 
  449           0 
  450           1 
  451           0 
  452           0 
  453           0 
  454           1 
  455           0 
  456           1 
  457           0 
  458           0 
  459           0 
  460           0 
  461           0 
  462           1 
  463           0 
  464           0 
  465           0 
  466           2 
  467           0 
  468           0 
  469           0 
  470           0 
  471           2 
  472           0 
  473           0 
  474           0 
  475           1 
  476           0 
  477           0 
  478           0 
  479           1 
  480           1 
  481           1 
  482           1 
  483           0 
  484           0 
  485           0 
  486           1 
  487           0 
  488           0 
  489           0 
  490           0 
  491           1 
  492           0 
  493           1 
  494           0 
  495           1 
  496           0 
  497           0 
  498           0 
  499           0 
  500           1 
  501           0 
  502           0 
  503           0 
  504           0 
  505           0 
  506           0 
  507           0 
  508           0 
  509           0 
  510           0 
  511           0 
  512           0 
