    1           0 
    2           0 
    3           0 
    4           0 
    5           0 
    6           0 
    7           0 
    8           0 
    9           7 
   10         188 
   11         198 
   12         214 
   13         209 
   14         194 
   15         211 
   16         205 
   17         224 
   18         262 
   19         258 
   20         312 
   21         291 
   22         363 
   23         365 
   24         377 
   25         356 
   26         339 
   27         297 
   28         281 
   29         260 
   30         229 
   31         223 
   32         225 
   33         248 
   34         203 
   35         246 
   36         236 
   37         230 
   38         201 
   39         237 
   40         229 
   41         236 
   42         250 
   43         241 
   44         226 
   45         227 
   46         246 
   47         213 
   48         231 
   49         238 
   50         228 
   51         209 
   52         242 
   53         226 
   54         242 
   55         226 
   56         230 
   57         228 
   58         205 
   59         224 
   60         219 
   61         214 
   62         217 
   63         229 
   64         235 
   65         237 
   66         261 
   67         235 
   68         219 
   69         245 
   70         251 
   71         215 
   72         231 
   73         217 
   74         213 
   75         233 
   76         209 
   77         235 
   78         213 
   79         230 
   80         200 
   81         217 
   82         188 
   83         182 
   84         178 
   85         203 
   86         162 
   87         182 
   88         187 
   89         189 
   90         191 
   91         186 
   92         177 
   93         189 
   94         199 
   95         172 
   96         162 
   97         178 
   98         166 
   99         154 
  100         160 
  101         155 
  102         150 
  103         147 
  104         158 
  105         147 
  106         140 
  107         146 
  108         152 
  109         145 
  110         126 
  111         163 
  112         169 
  113         182 
  114         146 
  115         135 
  116         157 
  117         149 
  118         132 
  119         133 
  120         163 
  121         149 
  122         160 
  123         173 
  124         149 
  125         162 
  126         139 
  127         139 
  128         150 
  129         154 
  130         155 
  131         122 
  132         123 
  133         133 
  134         130 
  135         149 
  136         138 
  137         134 
  138         150 
  139         120 
  140         147 
  141         126 
  142         137 
  143         151 
  144         125 
  145         117 
  146         123 
  147         110 
  148         118 
  149          99 
  150         115 
  151         117 
  152         113 
  153         100 
  154          99 
  155         108 
  156          96 
  157          87 
  158          82 
  159          79 
  160          91 
  161          96 
  162          89 
  163          88 
  164          77 
  165          77 
  166          72 
  167          89 
  168          51 
  169          76 
  170          73 
  171          75 
  172          55 
  173          67 
  174          48 
  175          58 
  176          61 
  177          44 
  178          42 
  179          53 
  180          63 
  181          56 
  182          57 
  183          58 
  184          53 
  185          50 
  186          44 
  187          43 
  188          58 
  189          56 
  190          49 
  191          44 
  192          51 
  193          38 
  194          57 
  195          52 
  196          56 
  197          48 
  198          56 
  199          54 
  200          51 
  201          49 
  202          57 
  203          60 
  204          64 
  205          62 
  206          61 
  207          57 
  208          70 
  209          82 
  210          70 
  211          88 
  212          96 
  213          90 
  214         103 
  215          88 
  216         113 
  217         130 
  218         117 
  219         138 
  220         152 
  221         148 
  222         181 
  223         162 
  224         186 
  225         197 
  226         218 
  227         198 
  228         214 
  229         228 
  230         253 
  231         221 
  232         237 
  233         249 
  234         249 
  235         254 
  236         279 
  237         269 
  238         225 
  239         242 
  240         254 
  241         275 
  242         238 
  243         241 
  244         220 
  245         219 
  246         223 
  247         205 
  248         200 
  249         203 
  250         183 
  251         190 
  252         172 
  253         171 
  254         169 
  255         135 
  256         147 
  257         136 
  258         146 
  259         147 
  260         141 
  261         112 
  262         126 
  263         120 
  264         113 
  265         103 
  266          88 
  267         103 
  268          81 
  269         100 
  270          89 
  271          91 
  272          89 
  273          86 
  274          82 
  275          63 
  276          71 
  277          67 
  278          71 
  279          65 
  280          53 
  281          57 
  282          56 
  283          61 
  284          52 
  285          70 
  286          62 
  287          45 
  288          47 
  289          52 
  290          39 
  291          49 
  292          37 
  293          46 
  294          43 
  295          43 
  296          40 
  297          30 
  298          33 
  299          34 
  300          25 
  301          33 
  302          33 
  303          28 
  304          30 
  305          33 
  306          22 
  307          23 
  308          24 
  309          23 
  310          23 
  311          24 
  312          11 
  313          17 
  314          25 
  315          24 
  316          21 
  317          12 
  318          16 
  319          16 
  320          13 
  321          13 
  322          14 
  323          21 
  324          11 
  325          16 
  326          15 
  327           8 
  328           7 
  329          11 
  330           7 
  331           7 
  332           4 
  333           6 
  334           8 
  335           5 
  336           7 
  337           3 
  338           1 
  339           9 
  340           6 
  341           3 
  342           2 
  343           2 
  344           2 
  345           1 
  346           4 
  347           1 
  348           0 
  349           3 
  350           2 
  351           4 
  352           1 
  353           2 
  354           0 
  355           1 
  356           3 
  357           0 
  358           0 
  359           2 
  360           0 
  361           0 
  362           1 
  363           1 
  364           0 
  365           2 
  366           0 
  367           0 
  368           2 
  369           1 
  370           0 
  371           2 
  372           1 
  373           0 
  374           0 
  375           0 
  376           1 
  377           0 
  378           1 
  379           0 
  380           2 
  381           1 
  382           0 
  383           0 
  384           0 
  385           0 
  386           2 
  387           0 
  388           2 
  389           4 
  390           1 
  391           0 
  392           0 
  393           0 
  394           0 
  395           0 
  396           1 
  397           0 
  398           0 
  399           0 
  400           0 
  401           0 
  402           1 
  403           2 
  404           1 
  405           0 
  406           0 
  407           0 
  408           1 
  409           1 
  410           2 
  411           0 
  412           0 
  413           0 
  414           1 
  415           0 
  416           0 
  417           0 
  418           0 
  419           1 
  420           0 
  421           0 
  422           0 
  423           1 
  424           0 
  425           0 
  426           1 
  427           0 
  428           0 
  429           0 
  430           0 
  431           0 
  432           0 
  433           0 
  434           0 
  435           0 
  436           0 
  437           1 
  438           1 
  439           0 
  440           0 
  441           0 
  442           0 
  443           1 
  444           0 
  445           0 
  446           0 
  447           0 
  448           0 
  449           1 
  450           1 
  451           0 
  452           0 
  453           0 
  454           0 
  455           1 
  456           2 
  457           0 
  458           0 
  459           0 
  460           0 
  461           0 
  462           1 
  463           0 
  464           0 
  465           0 
  466           0 
  467           1 
  468           0 
  469           0 
  470           0 
  471           0 
  472           0 
  473           0 
  474           0 
  475           0 
  476           0 
  477           1 
  478           0 
  479           0 
  480           0 
  481           0 
  482           1 
  483           1 
  484           0 
  485           0 
  486           1 
  487           0 
  488           0 
  489           0 
  490           0 
  491           0 
  492           0 
  493           0 
  494           1 
  495           0 
  496           0 
  497           1 
  498           1 
  499           0 
  500           0 
  501           0 
  502           0 
  503           0 
  504           0 
  505           0 
  506           0 
  507           0 
  508           0 
  509           0 
  510           0 
  511           0 
  512           0 
