    1           0 
    2           0 
    3           0 
    4           0 
    5           0 
    6           0 
    7           0 
    8           0 
    9           3 
   10         390 
   11         383 
   12         403 
   13         415 
   14         428 
   15         363 
   16         393 
   17         421 
   18         468 
   19         472 
   20         520 
   21         564 
   22         600 
   23         623 
   24         636 
   25         614 
   26         585 
   27         509 
   28         513 
   29         462 
   30         488 
   31         454 
   32         465 
   33         435 
   34         445 
   35         433 
   36         428 
   37         482 
   38         467 
   39         448 
   40         448 
   41         462 
   42         506 
   43         471 
   44         448 
   45         472 
   46         464 
   47         452 
   48         488 
   49         430 
   50         487 
   51         507 
   52         485 
   53         461 
   54         471 
   55         509 
   56         512 
   57         490 
   58         492 
   59         530 
   60         502 
   61         559 
   62         507 
   63         518 
   64         522 
   65         512 
   66         512 
   67         499 
   68         537 
   69         548 
   70         518 
   71         527 
   72         523 
   73         513 
   74         498 
   75         487 
   76         472 
   77         495 
   78         457 
   79         449 
   80         459 
   81         430 
   82         447 
   83         426 
   84         439 
   85         429 
   86         434 
   87         443 
   88         437 
   89         415 
   90         384 
   91         374 
   92         394 
   93         386 
   94         388 
   95         368 
   96         380 
   97         354 
   98         332 
   99         333 
  100         362 
  101         337 
  102         338 
  103         316 
  104         311 
  105         316 
  106         326 
  107         319 
  108         333 
  109         321 
  110         316 
  111         297 
  112         293 
  113         287 
  114         331 
  115         319 
  116         298 
  117         272 
  118         267 
  119         285 
  120         302 
  121         325 
  122         296 
  123         302 
  124         313 
  125         272 
  126         299 
  127         289 
  128         268 
  129         290 
  130         275 
  131         290 
  132         279 
  133         263 
  134         271 
  135         273 
  136         307 
  137         284 
  138         276 
  139         289 
  140         285 
  141         281 
  142         278 
  143         286 
  144         279 
  145         297 
  146         277 
  147         248 
  148         275 
  149         260 
  150         283 
  151         277 
  152         281 
  153         258 
  154         275 
  155         309 
  156         252 
  157         261 
  158         283 
  159         284 
  160         259 
  161         251 
  162         245 
  163         260 
  164         228 
  165         241 
  166         218 
  167         237 
  168         208 
  169         225 
  170         204 
  171         196 
  172         198 
  173         195 
  174         204 
  175         195 
  176         160 
  177         187 
  178         172 
  179         153 
  180         164 
  181         146 
  182         172 
  183         145 
  184         147 
  185         162 
  186         157 
  187         139 
  188         156 
  189         134 
  190         139 
  191         135 
  192         122 
  193         133 
  194         121 
  195         120 
  196         117 
  197         108 
  198         110 
  199         130 
  200         109 
  201         108 
  202         110 
  203         105 
  204         109 
  205         105 
  206          95 
  207         106 
  208         110 
  209         104 
  210         112 
  211          96 
  212          98 
  213         106 
  214         121 
  215          95 
  216         121 
  217         122 
  218         131 
  219         105 
  220         110 
  221         131 
  222         129 
  223         144 
  224         164 
  225         150 
  226         154 
  227         146 
  228         142 
  229         164 
  230         172 
  231         171 
  232         192 
  233         229 
  234         239 
  235         236 
  236         242 
  237         243 
  238         265 
  239         291 
  240         320 
  241         300 
  242         336 
  243         337 
  244         367 
  245         358 
  246         353 
  247         409 
  248         372 
  249         397 
  250         423 
  251         436 
  252         415 
  253         456 
  254         456 
  255         431 
  256         422 
  257         444 
  258         458 
  259         428 
  260         396 
  261         388 
  262         425 
  263         380 
  264         387 
  265         397 
  266         356 
  267         369 
  268         343 
  269         328 
  270         362 
  271         297 
  272         311 
  273         309 
  274         271 
  275         297 
  276         262 
  277         236 
  278         247 
  279         226 
  280         229 
  281         213 
  282         200 
  283         182 
  284         166 
  285         174 
  286         156 
  287         159 
  288         133 
  289         162 
  290         131 
  291         149 
  292         137 
  293         109 
  294         119 
  295         116 
  296         114 
  297         114 
  298         136 
  299          99 
  300         109 
  301         103 
  302          89 
  303          80 
  304          97 
  305          93 
  306          94 
  307          74 
  308          70 
  309          77 
  310          74 
  311          81 
  312          95 
  313          69 
  314          62 
  315          61 
  316          60 
  317          71 
  318          62 
  319          57 
  320          57 
  321          56 
  322          46 
  323          50 
  324          41 
  325          46 
  326          48 
  327          40 
  328          41 
  329          37 
  330          36 
  331          39 
  332          34 
  333          40 
  334          37 
  335          36 
  336          32 
  337          32 
  338          34 
  339          31 
  340          23 
  341          17 
  342          30 
  343          26 
  344          23 
  345          23 
  346          17 
  347          21 
  348          19 
  349          13 
  350          13 
  351           8 
  352          10 
  353           6 
  354          14 
  355          12 
  356           9 
  357           3 
  358          10 
  359          11 
  360          13 
  361          10 
  362           9 
  363           6 
  364           3 
  365           8 
  366           6 
  367           2 
  368           7 
  369           6 
  370           3 
  371           5 
  372           1 
  373           0 
  374           2 
  375           2 
  376           2 
  377           4 
  378           0 
  379           0 
  380           1 
  381           0 
  382           2 
  383           1 
  384           1 
  385           1 
  386           1 
  387           0 
  388           1 
  389           0 
  390           0 
  391           0 
  392           1 
  393           0 
  394           0 
  395           0 
  396           1 
  397           0 
  398           0 
  399           0 
  400           0 
  401           0 
  402           2 
  403           1 
  404           1 
  405           1 
  406           0 
  407           0 
  408           0 
  409           1 
  410           0 
  411           0 
  412           0 
  413           1 
  414           0 
  415           0 
  416           0 
  417           0 
  418           0 
  419           1 
  420           0 
  421           0 
  422           0 
  423           0 
  424           1 
  425           0 
  426           0 
  427           1 
  428           0 
  429           0 
  430           0 
  431           0 
  432           0 
  433           0 
  434           0 
  435           0 
  436           0 
  437           0 
  438           0 
  439           1 
  440           1 
  441           2 
  442           0 
  443           1 
  444           0 
  445           1 
  446           0 
  447           0 
  448           0 
  449           0 
  450           0 
  451           0 
  452           1 
  453           1 
  454           0 
  455           0 
  456           0 
  457           0 
  458           0 
  459           0 
  460           1 
  461           0 
  462           0 
  463           1 
  464           1 
  465           0 
  466           0 
  467           0 
  468           1 
  469           1 
  470           0 
  471           0 
  472           0 
  473           0 
  474           0 
  475           0 
  476           0 
  477           0 
  478           1 
  479           0 
  480           0 
  481           0 
  482           0 
  483           0 
  484           0 
  485           0 
  486           0 
  487           0 
  488           0 
  489           0 
  490           0 
  491           1 
  492           1 
  493           0 
  494           1 
  495           0 
  496           0 
  497           0 
  498           0 
  499           1 
  500           0 
  501           0 
  502           0 
  503           0 
  504           0 
  505           0 
  506           0 
  507           0 
  508           0 
  509           0 
  510           0 
  511           0 
  512           0 
