    1           0 
    2           0 
    3           0 
    4           0 
    5           0 
    6           0 
    7           0 
    8           0 
    9           0 
   10           5 
   11          10 
   12           7 
   13           5 
   14           4 
   15           5 
   16           7 
   17           8 
   18           4 
   19          13 
   20          11 
   21          15 
   22          11 
   23          17 
   24          13 
   25          10 
   26           7 
   27           4 
   28           5 
   29          11 
   30           7 
   31           6 
   32           6 
   33           7 
   34          13 
   35           4 
   36           5 
   37           4 
   38           8 
   39           3 
   40           8 
   41           4 
   42           6 
   43          10 
   44          11 
   45           8 
   46           7 
   47           8 
   48           9 
   49           5 
   50           7 
   51           9 
   52          13 
   53          10 
   54          11 
   55          10 
   56           9 
   57           8 
   58          13 
   59           8 
   60           7 
   61           4 
   62           6 
   63           3 
   64          10 
   65           8 
   66          14 
   67           7 
   68           9 
   69           3 
   70          11 
   71           6 
   72          10 
   73           8 
   74           9 
   75           8 
   76           2 
   77          11 
   78           8 
   79           7 
   80           9 
   81           4 
   82           5 
   83           4 
   84           2 
   85           8 
   86           9 
   87          11 
   88          11 
   89           8 
   90           7 
   91          11 
   92           8 
   93           9 
   94           5 
   95           6 
   96           5 
   97          12 
   98           7 
   99           5 
  100           9 
  101          10 
  102           7 
  103           8 
  104           7 
  105           6 
  106           9 
  107           9 
  108           5 
  109           5 
  110           6 
  111          10 
  112           6 
  113          10 
  114           4 
  115           5 
  116           4 
  117           8 
  118           3 
  119           6 
  120           5 
  121           1 
  122           1 
  123           4 
  124           6 
  125           6 
  126           4 
  127           3 
  128           8 
  129           4 
  130           5 
  131           2 
  132           4 
  133           1 
  134           3 
  135           2 
  136           3 
  137           1 
  138           1 
  139           1 
  140           1 
  141           1 
  142           2 
  143           4 
  144           1 
  145           2 
  146           3 
  147           3 
  148           0 
  149           3 
  150           2 
  151           0 
  152           1 
  153           0 
  154           0 
  155           0 
  156           0 
  157           0 
  158           2 
  159           0 
  160           0 
  161           1 
  162           3 
  163           1 
  164           2 
  165           1 
  166           0 
  167           0 
  168           1 
  169           3 
  170           2 
  171           2 
  172           2 
  173           0 
  174           2 
  175           0 
  176           0 
  177           1 
  178           1 
  179           6 
  180           3 
  181           1 
  182           1 
  183           0 
  184           0 
  185           0 
  186           1 
  187           1 
  188           0 
  189           0 
  190           0 
  191           1 
  192           1 
  193           1 
  194           1 
  195           1 
  196           2 
  197           1 
  198           1 
  199           0 
  200           1 
  201           2 
  202           0 
  203           2 
  204           1 
  205           0 
  206           0 
  207           1 
  208           1 
  209           0 
  210           3 
  211           2 
  212           1 
  213           1 
  214           0 
  215           0 
  216           0 
  217           0 
  218           0 
  219           3 
  220           0 
  221           0 
  222           1 
  223           0 
  224           0 
  225           2 
  226           1 
  227           0 
  228           2 
  229           0 
  230           0 
  231           0 
  232           0 
  233           1 
  234           2 
  235           0 
  236           1 
  237           1 
  238           0 
  239           0 
  240           0 
  241           1 
  242           2 
  243           0 
  244           0 
  245           0 
  246           2 
  247           1 
  248           1 
  249           0 
  250           1 
  251           0 
  252           0 
  253           1 
  254           0 
  255           1 
  256           0 
  257           1 
  258           0 
  259           0 
  260           0 
  261           2 
  262           0 
  263           3 
  264           2 
  265           0 
  266           0 
  267           0 
  268           1 
  269           0 
  270           2 
  271           1 
  272           0 
  273           1 
  274           0 
  275           0 
  276           0 
  277           2 
  278           0 
  279           0 
  280           0 
  281           1 
  282           1 
  283           1 
  284           1 
  285           0 
  286           1 
  287           0 
  288           0 
  289           1 
  290           0 
  291           0 
  292           0 
  293           0 
  294           0 
  295           0 
  296           0 
  297           0 
  298           0 
  299           1 
  300           1 
  301           0 
  302           0 
  303           1 
  304           0 
  305           0 
  306           2 
  307           0 
  308           0 
  309           0 
  310           0 
  311           0 
  312           0 
  313           0 
  314           0 
  315           1 
  316           0 
  317           0 
  318           0 
  319           0 
  320           1 
  321           0 
  322           0 
  323           0 
  324           0 
  325           1 
  326           0 
  327           1 
  328           1 
  329           0 
  330           0 
  331           0 
  332           0 
  333           0 
  334           0 
  335           0 
  336           0 
  337           0 
  338           1 
  339           0 
  340           0 
  341           0 
  342           2 
  343           0 
  344           0 
  345           0 
  346           0 
  347           1 
  348           1 
  349           0 
  350           0 
  351           0 
  352           0 
  353           0 
  354           0 
  355           0 
  356           0 
  357           0 
  358           1 
  359           0 
  360           0 
  361           0 
  362           1 
  363           0 
  364           0 
  365           1 
  366           1 
  367           0 
  368           0 
  369           0 
  370           1 
  371           1 
  372           0 
  373           0 
  374           1 
  375           1 
  376           1 
  377           0 
  378           1 
  379           0 
  380           0 
  381           1 
  382           0 
  383           0 
  384           0 
  385           2 
  386           0 
  387           0 
  388           0 
  389           0 
  390           1 
  391           0 
  392           0 
  393           0 
  394           0 
  395           0 
  396           0 
  397           1 
  398           1 
  399           0 
  400           0 
  401           0 
  402           0 
  403           0 
  404           0 
  405           0 
  406           0 
  407           1 
  408           0 
  409           0 
  410           0 
  411           0 
  412           0 
  413           0 
  414           1 
  415           1 
  416           0 
  417           0 
  418           0 
  419           0 
  420           1 
  421           3 
  422           0 
  423           1 
  424           0 
  425           0 
  426           2 
  427           0 
  428           0 
  429           2 
  430           1 
  431           1 
  432           0 
  433           0 
  434           0 
  435           0 
  436           1 
  437           0 
  438           0 
  439           0 
  440           0 
  441           0 
  442           0 
  443           0 
  444           0 
  445           0 
  446           0 
  447           0 
  448           1 
  449           0 
  450           1 
  451           1 
  452           0 
  453           0 
  454           0 
  455           0 
  456           0 
  457           0 
  458           0 
  459           0 
  460           0 
  461           0 
  462           0 
  463           1 
  464           0 
  465           0 
  466           0 
  467           1 
  468           0 
  469           0 
  470           0 
  471           0 
  472           0 
  473           0 
  474           0 
  475           0 
  476           0 
  477           0 
  478           0 
  479           0 
  480           0 
  481           1 
  482           0 
  483           0 
  484           0 
  485           0 
  486           0 
  487           0 
  488           0 
  489           1 
  490           0 
  491           2 
  492           0 
  493           0 
  494           0 
  495           0 
  496           0 
  497           0 
  498           0 
  499           0 
  500           0 
  501           0 
  502           0 
  503           0 
  504           0 
  505           0 
  506           0 
  507           0 
  508           0 
  509           0 
  510           0 
  511           0 
  512           0 
