    1        1248 
    2        1257 
    3        1110 
    4        1221 
    5        1132 
    6        1145 
    7        1158 
    8        1160 
    9        1135 
   10        1201 
   11        1167 
   12        1121 
   13        1197 
   14        1120 
   15        1170 
   16        1175 
   17        1163 
   18        1193 
   19        1153 
   20        1206 
   21        1177 
   22        1149 
   23        1260 
   24        1141 
   25        1176 
   26        1168 
   27        1164 
   28        1178 
   29        1143 
   30        1173 
   31        1168 
   32        1189 
   33        1130 
   34        1175 
   35        1146 
   36        1168 
   37        1215 
   38        1122 
   39        1220 
   40        1215 
   41        1196 
   42        1210 
   43        1229 
   44        1169 
   45        1179 
   46        1177 
   47        1177 
   48        1257 
   49        1193 
   50        1149 
   51        1184 
   52        1210 
   53        1165 
   54        1176 
   55        1214 
   56        1179 
   57        1143 
   58        1273 
   59        1119 
   60        1206 
   61        1180 
   62        1158 
   63        1159 
   64        1210 
   65        1177 
   66        1182 
   67        1168 
   68        1200 
   69        1216 
   70        1153 
   71        1116 
   72        1183 
   73        1213 
   74        1179 
   75        1181 
   76        1165 
   77        1231 
   78        1172 
   79        1221 
   80        1160 
   81        1159 
   82        1165 
   83        1125 
   84        1205 
   85        1192 
   86        1156 
   87        1198 
   88        1247 
   89        1256 
   90        1195 
   91        1187 
   92        1170 
   93        1144 
   94        1151 
   95        1129 
   96        1153 
   97        1129 
   98        1116 
   99        1167 
  100        1231 
  101        1206 
  102        1134 
  103        1209 
  104        1130 
  105        1164 
  106        1249 
  107        1233 
  108        1136 
  109        1187 
  110        1147 
  111        1161 
  112        1171 
  113        1191 
  114        1200 
  115        1132 
  116        1216 
  117        1171 
  118        1190 
  119        1181 
  120        1144 
  121        1158 
  122        1160 
  123        1168 
  124        1200 
  125        1178 
  126        1201 
  127        1124 
  128        1113 
  129        1168 
  130        1133 
  131        1098 
  132        1143 
  133        1087 
  134        1149 
  135        1113 
  136        1089 
  137        1024 
  138        1059 
  139        1030 
  140        1036 
  141         897 
  142         899 
  143         820 
  144         854 
  145         796 
  146         803 
  147         823 
  148         911 
  149         881 
  150         955 
  151         947 
  152        1025 
  153        1010 
  154        1023 
  155        1022 
  156        1163 
  157        1109 
  158        1084 
  159        1139 
  160        1086 
  161        1151 
  162        1221 
  163        1162 
  164        1145 
  165        1169 
  166        1095 
  167        1201 
  168        1153 
  169        1155 
  170        1131 
  171        1178 
  172        1163 
  173        1111 
  174        1139 
  175        1198 
  176        1158 
  177        1122 
  178        1134 
  179        1126 
  180        1082 
  181        1163 
  182        1107 
  183        1115 
  184        1176 
  185        1132 
  186        1091 
  187        1090 
  188         967 
  189         936 
  190         903 
  191         878 
  192         836 
  193         835 
  194         789 
  195         735 
  196         817 
  197         868 
  198         877 
  199         926 
  200        1025 
  201        1125 
  202        1097 
  203        1148 
  204        1062 
  205        1147 
  206        1099 
  207        1159 
  208        1165 
  209        1178 
  210        1142 
  211        1179 
  212        1135 
  213        1167 
  214        1121 
  215        1151 
  216        1197 
  217        1158 
  218        1168 
  219        1202 
  220        1140 
  221        1190 
  222        1101 
  223        1151 
  224        1146 
  225        1114 
  226        1179 
  227        1184 
  228        1258 
  229        1117 
  230        1157 
  231        1161 
  232        1100 
  233        1126 
  234        1163 
  235        1089 
  236        1129 
  237        1090 
  238        1021 
  239         999 
  240        1003 
  241         950 
  242         853 
  243         858 
  244         905 
  245         960 
  246         994 
  247        1014 
  248        1087 
  249        1112 
  250        1099 
  251        1120 
  252        1148 
  253        1118 
  254        1184 
  255        1168 
  256        1172 
  257        1136 
  258        1140 
  259        1190 
  260        1163 
  261        1156 
  262        1228 
  263        1111 
  264        1166 
  265        1140 
  266        1189 
  267        1133 
  268        1112 
  269        1141 
  270        1134 
  271        1076 
  272        1120 
  273        1057 
  274        1071 
  275        1005 
  276         977 
  277         968 
  278         893 
  279         890 
  280         921 
  281         970 
  282        1054 
  283        1109 
  284        1184 
  285        1135 
  286        1121 
  287        1117 
  288        1124 
  289        1169 
  290        1160 
  291        1185 
  292        1202 
  293        1121 
  294        1237 
  295        1182 
  296        1115 
  297        1095 
  298        1137 
  299        1212 
  300        1160 
  301        1129 
  302        1158 
  303        1189 
  304        1158 
  305        1123 
  306        1088 
  307        1171 
  308        1110 
  309        1189 
  310        1151 
  311        1118 
  312        1131 
  313        1143 
  314        1150 
  315        1119 
  316        1098 
  317        1110 
  318        1065 
  319        1083 
  320        1057 
  321        1047 
  322         982 
  323         874 
  324         883 
  325         820 
  326         754 
  327         777 
  328         780 
  329         857 
  330         920 
  331         983 
  332         939 
  333        1049 
  334        1018 
  335        1083 
  336        1102 
  337        1129 
  338        1090 
  339        1193 
  340        1203 
  341        1205 
  342        1139 
  343        1126 
  344        1135 
  345        1193 
  346        1148 
  347        1100 
  348        1136 
  349        1156 
  350        1120 
  351        1149 
  352        1173 
  353        1117 
  354        1184 
  355        1149 
  356        1131 
  357        1144 
  358        1159 
  359        1186 
  360        1175 
  361        1173 
  362        1128 
  363        1104 
  364        1067 
  365        1115 
  366        1032 
  367        1067 
  368        1007 
  369        1033 
  370         870 
  371         886 
  372         832 
  373         826 
  374         832 
  375         804 
  376         846 
  377         898 
  378         944 
  379         987 
  380        1000 
  381         999 
  382        1017 
  383        1075 
  384        1087 
  385        1165 
  386        1133 
  387        1116 
  388        1121 
  389        1151 
  390        1133 
  391        1178 
  392        1175 
  393        1192 
  394        1176 
  395        1207 
  396        1079 
  397        1151 
  398        1222 
  399        1136 
  400        1172 
  401        1219 
  402        1119 
  403        1188 
  404        1175 
  405        1164 
  406        1185 
  407        1150 
  408        1185 
  409        1176 
  410        1149 
  411        1202 
  412        1196 
  413        1226 
  414        1179 
  415        1204 
  416        1208 
  417        1163 
  418        1190 
  419        1178 
  420        1213 
  421        1196 
  422        1175 
  423        1167 
  424        1127 
  425        1157 
  426        1145 
  427        1129 
  428        1207 
  429        1154 
  430        1212 
  431        1183 
  432        1224 
  433        1196 
  434        1208 
  435        1145 
  436        1178 
  437        1224 
  438        1183 
  439        1167 
  440        1177 
  441        1209 
  442        1137 
  443        1213 
  444        1094 
  445        1192 
  446        1198 
  447        1206 
  448        1169 
  449        1131 
  450        1176 
  451        1163 
  452        1239 
  453        1203 
  454        1197 
  455        1174 
  456        1167 
  457        1119 
  458        1194 
  459        1174 
  460        1197 
  461        1119 
  462        1121 
  463        1215 
  464        1214 
  465        1127 
  466        1171 
  467        1202 
  468        1151 
  469        1216 
  470        1208 
  471        1152 
  472        1193 
  473        1206 
  474        1159 
  475        1179 
  476        1166 
  477        1179 
  478        1182 
  479        1153 
  480        1241 
  481        1133 
  482        1180 
  483        1150 
  484        1203 
  485        1192 
  486        1074 
  487        1169 
  488        1167 
  489        1191 
  490        1151 
  491        1174 
  492        1224 
  493        1227 
  494        1168 
  495        1183 
  496        1184 
  497        1196 
  498        1174 
  499        1117 
  500        1195 
  501        1146 
  502        1146 
  503        1187 
  504        1190 
  505        1147 
  506        1138 
  507        1121 
  508        1225 
  509        1144 
  510        1182 
  511        1179 
  512        1143 
  513        1245 
  514        1169 
  515        1213 
  516        1224 
  517        1088 
  518        1135 
  519        1232 
  520        1188 
  521        1171 
  522        1149 
  523        1206 
  524        1094 
  525        1166 
  526        1210 
  527        1241 
  528        1179 
  529        1139 
  530        1149 
  531        1176 
  532        1203 
  533        1130 
  534        1161 
  535        1204 
  536        1236 
  537        1153 
  538        1176 
  539        1157 
  540        1209 
  541        1173 
  542        1230 
  543        1164 
  544        1192 
  545        1192 
  546        1143 
  547        1209 
  548        1112 
  549        1245 
  550        1156 
  551        1259 
  552        1250 
  553        1144 
  554        1246 
  555        1175 
  556        1218 
  557        1121 
  558        1176 
  559        1209 
  560        1174 
  561        1139 
  562        1196 
  563        1186 
  564        1181 
  565        1152 
  566        1164 
  567        1141 
  568        1164 
  569        1165 
  570        1179 
  571        1127 
  572        1208 
  573        1118 
  574        1125 
  575        1135 
  576        1228 
  577        1143 
  578        1207 
  579        1152 
  580        1153 
  581        1143 
  582        1136 
  583        1202 
  584        1161 
  585        1191 
  586        1166 
  587        1165 
  588        1181 
  589        1155 
  590        1171 
  591        1112 
  592        1228 
  593        1101 
  594        1203 
  595        1232 
  596        1134 
  597        1173 
  598        1129 
  599        1175 
  600        1131 
  601        1235 
  602        1139 
  603        1144 
  604        1196 
  605        1234 
  606        1181 
  607        1169 
  608        1172 
  609        1166 
  610        1186 
  611        1234 
  612        1150 
  613        1151 
  614        1155 
  615        1177 
  616        1191 
  617        1170 
  618        1264 
  619        1189 
  620        1171 
  621        1183 
  622        1161 
  623        1202 
  624        1151 
  625        1151 
  626        1160 
  627        1137 
  628        1152 
  629        1140 
  630        1076 
  631        1156 
  632        1126 
  633        1156 
  634        1117 
  635        1141 
  636        1157 
  637        1136 
  638        1124 
  639        1115 
  640        1144 
  641        1098 
  642        1135 
  643        1074 
  644        1033 
  645         999 
  646        1047 
  647        1009 
  648         952 
  649         928 
  650         875 
  651         852 
  652         794 
  653         820 
  654         799 
  655         851 
  656         927 
  657         945 
  658         995 
  659        1030 
  660        1027 
  661        1074 
  662        1069 
  663        1037 
  664        1080 
  665        1095 
  666        1152 
  667        1141 
  668        1141 
  669        1073 
  670        1177 
  671        1101 
  672        1053 
  673        1078 
  674        1174 
  675        1150 
  676        1106 
  677        1098 
  678        1107 
  679        1042 
  680        1135 
  681        1144 
  682        1151 
  683        1127 
  684        1184 
  685        1109 
  686        1121 
  687        1152 
  688        1142 
  689        1114 
  690        1076 
  691        1074 
  692        1085 
  693        1096 
  694        1083 
  695        1002 
  696         940 
  697         848 
  698         804 
  699         737 
  700         804 
  701         763 
  702         774 
  703         903 
  704         887 
  705         943 
  706        1051 
  707         976 
  708        1082 
  709        1083 
  710        1095 
  711        1068 
  712        1106 
  713        1095 
  714        1103 
  715        1121 
  716        1148 
  717        1101 
  718        1124 
  719        1142 
  720        1198 
  721        1116 
  722        1162 
  723        1103 
  724        1113 
  725        1168 
  726        1121 
  727        1190 
  728        1170 
  729        1152 
  730        1112 
  731        1136 
  732        1167 
  733        1182 
  734        1119 
  735        1154 
  736        1083 
  737        1154 
  738        1108 
  739        1080 
  740        1140 
  741        1089 
  742        1067 
  743        1074 
  744         997 
  745         987 
  746         934 
  747         858 
  748         888 
  749         877 
  750         912 
  751        1017 
  752        1053 
  753        1066 
  754        1130 
  755        1094 
  756        1157 
  757        1080 
  758        1208 
  759        1142 
  760        1112 
  761        1143 
  762        1122 
  763        1083 
  764        1190 
  765        1151 
  766        1094 
  767        1144 
  768        1123 
  769        1132 
  770        1175 
  771        1155 
  772        1116 
  773        1210 
  774        1159 
  775        1140 
  776        1108 
  777        1103 
  778        1061 
  779        1029 
  780         957 
  781         939 
  782         890 
  783         843 
  784         837 
  785         923 
  786         948 
  787         984 
  788        1059 
  789        1034 
  790        1123 
  791        1146 
  792        1110 
  793        1152 
  794        1104 
  795        1095 
  796        1141 
  797        1165 
  798        1151 
  799        1177 
  800        1114 
  801        1137 
  802        1183 
  803        1100 
  804        1193 
  805        1219 
  806        1186 
  807        1134 
  808        1171 
  809        1153 
  810        1122 
  811        1217 
  812        1186 
  813        1161 
  814        1152 
  815        1144 
  816        1176 
  817        1166 
  818        1114 
  819        1103 
  820        1120 
  821        1133 
  822        1111 
  823        1077 
  824        1108 
  825        1077 
  826         976 
  827         978 
  828         975 
  829         852 
  830         804 
  831         756 
  832         728 
  833         767 
  834         813 
  835         871 
  836         926 
  837         973 
  838        1002 
  839        1021 
  840        1068 
  841        1089 
  842        1119 
  843        1113 
  844        1131 
  845        1097 
  846        1143 
  847        1145 
  848        1141 
  849        1089 
  850        1105 
  851        1214 
  852        1116 
  853        1138 
  854        1179 
  855        1181 
  856        1143 
  857        1177 
  858        1124 
  859        1149 
  860        1123 
  861        1159 
  862        1115 
  863        1116 
  864        1206 
  865        1206 
  866        1179 
  867        1105 
  868        1097 
  869        1133 
  870        1063 
  871        1115 
  872        1082 
  873        1054 
  874         994 
  875        1003 
  876        1008 
  877         959 
  878         903 
  879         782 
  880         831 
  881         798 
  882         805 
  883         828 
  884         824 
  885         908 
  886         923 
  887         988 
  888        1018 
  889        1057 
  890        1073 
  891        1068 
  892        1104 
  893        1105 
  894        1069 
  895        1155 
  896        1151 
  897        1145 
  898        1204 
  899        1116 
  900        1133 
  901        1152 
  902        1156 
  903        1165 
  904        1144 
  905        1157 
  906        1173 
  907        1174 
  908        1224 
  909        1143 
  910        1138 
  911        1205 
  912        1139 
  913        1188 
  914        1198 
  915        1142 
  916        1120 
  917        1168 
  918        1186 
  919        1129 
  920        1196 
  921        1110 
  922        1187 
  923        1141 
  924        1164 
  925        1196 
  926        1168 
  927        1176 
  928        1203 
  929        1187 
  930        1179 
  931        1161 
  932        1193 
  933        1144 
  934        1165 
  935        1155 
  936        1184 
  937        1179 
  938        1177 
  939        1150 
  940        1176 
  941        1143 
  942        1227 
  943        1143 
  944        1123 
  945        1261 
  946        1242 
  947        1137 
  948        1114 
  949        1145 
  950        1246 
  951        1170 
  952        1178 
  953        1166 
  954        1181 
  955        1141 
  956        1225 
  957        1177 
  958        1226 
  959        1209 
  960        1152 
  961        1213 
  962        1145 
  963        1151 
  964        1170 
  965        1186 
  966        1177 
  967        1196 
  968        1174 
  969        1199 
  970        1198 
  971        1184 
  972        1188 
  973        1167 
  974        1197 
  975        1181 
  976        1193 
  977        1217 
  978        1207 
  979        1136 
  980        1157 
  981        1184 
  982        1179 
  983        1137 
  984        1185 
  985        1177 
  986        1194 
  987        1194 
  988        1149 
  989        1186 
  990        1153 
  991        1186 
  992        1213 
  993        1181 
  994        1182 
  995        1201 
  996        1142 
  997        1181 
  998        1180 
  999        1246 
 1000        1147 
 1001        1166 
 1002        1124 
 1003        1162 
 1004        1165 
 1005        1188 
 1006        1178 
 1007        1176 
 1008        1201 
 1009        1189 
 1010        1185 
 1011        1170 
 1012        1151 
 1013        1185 
 1014        1164 
 1015        1133 
 1016        1134 
 1017        1156 
 1018        1230 
 1019        1250 
 1020        1147 
 1021        1130 
 1022        1173 
 1023        1122 
 1024        1168 
