    1        1484 
    2        1516 
    3        1446 
    4        1536 
    5        1511 
    6        1482 
    7        1552 
    8        1449 
    9        1432 
   10        1544 
   11        1458 
   12        1479 
   13        1452 
   14        1494 
   15        1480 
   16        1421 
   17        1487 
   18        1459 
   19        1459 
   20        1528 
   21        1511 
   22        1468 
   23        1501 
   24        1543 
   25        1496 
   26        1470 
   27        1478 
   28        1525 
   29        1483 
   30        1483 
   31        1486 
   32        1542 
   33        1445 
   34        1487 
   35        1628 
   36        1425 
   37        1474 
   38        1497 
   39        1492 
   40        1513 
   41        1518 
   42        1478 
   43        1476 
   44        1475 
   45        1457 
   46        1559 
   47        1538 
   48        1538 
   49        1478 
   50        1483 
   51        1466 
   52        1487 
   53        1557 
   54        1491 
   55        1452 
   56        1515 
   57        1561 
   58        1566 
   59        1570 
   60        1448 
   61        1572 
   62        1488 
   63        1534 
   64        1540 
   65        1488 
   66        1494 
   67        1457 
   68        1464 
   69        1475 
   70        1531 
   71        1479 
   72        1517 
   73        1502 
   74        1485 
   75        1463 
   76        1490 
   77        1485 
   78        1541 
   79        1550 
   80        1476 
   81        1506 
   82        1463 
   83        1477 
   84        1477 
   85        1578 
   86        1543 
   87        1472 
   88        1462 
   89        1456 
   90        1505 
   91        1474 
   92        1478 
   93        1535 
   94        1555 
   95        1564 
   96        1574 
   97        1461 
   98        1545 
   99        1512 
  100        1490 
  101        1463 
  102        1508 
  103        1498 
  104        1505 
  105        1523 
  106        1474 
  107        1511 
  108        1567 
  109        1507 
  110        1411 
  111        1482 
  112        1524 
  113        1498 
  114        1558 
  115        1454 
  116        1485 
  117        1548 
  118        1559 
  119        1578 
  120        1453 
  121        1502 
  122        1479 
  123        1481 
  124        1456 
  125        1534 
  126        1524 
  127        1570 
  128        1530 
  129        1528 
  130        1491 
  131        1444 
  132        1526 
  133        1506 
  134        1503 
  135        1430 
  136        1533 
  137        1428 
  138        1483 
  139        1454 
  140        1475 
  141        1446 
  142        1547 
  143        1520 
  144        1455 
  145        1511 
  146        1599 
  147        1467 
  148        1556 
  149        1483 
  150        1514 
  151        1494 
  152        1566 
  153        1563 
  154        1507 
  155        1514 
  156        1461 
  157        1496 
  158        1457 
  159        1518 
  160        1532 
  161        1541 
  162        1477 
  163        1469 
  164        1560 
  165        1511 
  166        1539 
  167        1542 
  168        1496 
  169        1456 
  170        1473 
  171        1521 
  172        1469 
  173        1450 
  174        1472 
  175        1487 
  176        1559 
  177        1486 
  178        1490 
  179        1472 
  180        1464 
  181        1493 
  182        1545 
  183        1551 
  184        1533 
  185        1466 
  186        1492 
  187        1432 
  188        1424 
  189        1558 
  190        1517 
  191        1553 
  192        1585 
  193        1481 
  194        1566 
  195        1504 
  196        1606 
  197        1490 
  198        1421 
  199        1594 
  200        1513 
  201        1568 
  202        1526 
  203        1528 
  204        1520 
  205        1540 
  206        1463 
  207        1509 
  208        1524 
  209        1515 
  210        1471 
  211        1559 
  212        1432 
  213        1481 
  214        1508 
  215        1479 
  216        1452 
  217        1492 
  218        1483 
  219        1508 
  220        1510 
  221        1425 
  222        1523 
  223        1560 
  224        1573 
  225        1516 
  226        1480 
  227        1475 
  228        1627 
  229        1437 
  230        1450 
  231        1533 
  232        1475 
  233        1483 
  234        1428 
  235        1544 
  236        1545 
  237        1484 
  238        1416 
  239        1471 
  240        1389 
  241        1357 
  242        1362 
  243        1343 
  244        1350 
  245        1270 
  246        1306 
  247        1310 
  248        1371 
  249        1280 
  250        1436 
  251        1428 
  252        1354 
  253        1373 
  254        1436 
  255        1422 
  256        1376 
  257        1360 
  258        1448 
  259        1337 
  260        1368 
  261        1318 
  262        1412 
  263        1341 
  264        1306 
  265        1345 
  266        1339 
  267        1503 
  268        1421 
  269        1400 
  270        1495 
  271        1449 
  272        1509 
  273        1549 
  274        1474 
  275        1449 
  276        1519 
  277        1417 
  278        1525 
  279        1453 
  280        1433 
  281        1445 
  282        1492 
  283        1519 
  284        1469 
  285        1415 
  286        1427 
  287        1501 
  288        1470 
  289        1492 
  290        1501 
  291        1483 
  292        1495 
  293        1453 
  294        1404 
  295        1438 
  296        1436 
  297        1459 
  298        1573 
  299        1433 
  300        1481 
  301        1535 
  302        1503 
  303        1554 
  304        1488 
  305        1543 
  306        1507 
  307        1527 
  308        1503 
  309        1503 
  310        1532 
  311        1517 
  312        1480 
  313        1536 
  314        1555 
  315        1543 
  316        1566 
  317        1545 
  318        1464 
  319        1522 
  320        1536 
  321        1488 
  322        1539 
  323        1559 
  324        1528 
  325        1483 
  326        1466 
  327        1515 
  328        1473 
  329        1571 
  330        1477 
  331        1530 
  332        1567 
  333        1501 
  334        1547 
  335        1513 
  336        1456 
  337        1470 
  338        1440 
  339        1499 
  340        1497 
  341        1437 
  342        1510 
  343        1594 
  344        1550 
  345        1498 
  346        1532 
  347        1479 
  348        1506 
  349        1480 
  350        1536 
  351        1452 
  352        1508 
  353        1510 
  354        1558 
  355        1484 
  356        1512 
  357        1469 
  358        1394 
  359        1531 
  360        1465 
  361        1519 
  362        1389 
  363        1550 
  364        1463 
  365        1434 
  366        1492 
  367        1480 
  368        1474 
  369        1491 
  370        1428 
  371        1461 
  372        1423 
  373        1448 
  374        1583 
  375        1430 
  376        1459 
  377        1502 
  378        1501 
  379        1474 
  380        1510 
  381        1519 
  382        1427 
  383        1508 
  384        1466 
  385        1442 
  386        1516 
  387        1490 
  388        1504 
  389        1467 
  390        1527 
  391        1521 
  392        1475 
  393        1490 
  394        1506 
  395        1640 
  396        1425 
  397        1519 
  398        1532 
  399        1469 
  400        1483 
  401        1539 
  402        1498 
  403        1454 
  404        1533 
  405        1513 
  406        1471 
  407        1487 
  408        1447 
  409        1517 
  410        1489 
  411        1510 
  412        1535 
  413        1562 
  414        1450 
  415        1480 
  416        1506 
  417        1451 
  418        1464 
  419        1421 
  420        1461 
  421        1502 
  422        1480 
  423        1610 
  424        1492 
  425        1479 
  426        1455 
  427        1518 
  428        1495 
  429        1460 
  430        1502 
  431        1471 
  432        1494 
  433        1479 
  434        1506 
  435        1513 
  436        1428 
  437        1481 
  438        1525 
  439        1501 
  440        1578 
  441        1531 
  442        1471 
  443        1469 
  444        1427 
  445        1456 
  446        1539 
  447        1551 
  448        1469 
  449        1524 
  450        1449 
  451        1500 
  452        1461 
  453        1487 
  454        1539 
  455        1508 
  456        1468 
  457        1548 
  458        1485 
  459        1434 
  460        1514 
  461        1482 
  462        1449 
  463        1543 
  464        1448 
  465        1526 
  466        1464 
  467        1546 
  468        1508 
  469        1521 
  470        1549 
  471        1483 
  472        1500 
  473        1465 
  474        1484 
  475        1480 
  476        1487 
  477        1508 
  478        1552 
  479        1455 
  480        1485 
  481        1454 
  482        1474 
  483        1532 
  484        1420 
  485        1545 
  486        1535 
  487        1497 
  488        1469 
  489        1465 
  490        1495 
  491        1509 
  492        1524 
  493        1531 
  494        1500 
  495        1507 
  496        1405 
  497        1421 
  498        1450 
  499        1492 
  500        1473 
  501        1553 
  502        1477 
  503        1466 
  504        1429 
  505        1539 
  506        1480 
  507        1519 
  508        1534 
  509        1519 
  510        1532 
  511        1453 
  512        1527 
  513        1535 
  514        1492 
  515        1507 
  516        1522 
  517        1517 
  518        1523 
  519        1446 
  520        1559 
  521        1491 
  522        1446 
  523        1495 
  524        1437 
  525        1525 
  526        1517 
  527        1470 
  528        1567 
  529        1472 
  530        1526 
  531        1463 
  532        1412 
  533        1558 
  534        1540 
  535        1555 
  536        1457 
  537        1467 
  538        1513 
  539        1496 
  540        1465 
  541        1479 
  542        1549 
  543        1559 
  544        1553 
  545        1522 
  546        1513 
  547        1430 
  548        1498 
  549        1430 
  550        1475 
  551        1470 
  552        1416 
  553        1457 
  554        1508 
  555        1506 
  556        1435 
  557        1503 
  558        1469 
  559        1490 
  560        1552 
  561        1493 
  562        1536 
  563        1518 
  564        1558 
  565        1451 
  566        1485 
  567        1511 
  568        1492 
  569        1493 
  570        1474 
  571        1490 
  572        1500 
  573        1473 
  574        1531 
  575        1557 
  576        1492 
  577        1517 
  578        1513 
  579        1474 
  580        1518 
  581        1512 
  582        1518 
  583        1523 
  584        1474 
  585        1490 
  586        1470 
  587        1484 
  588        1512 
  589        1437 
  590        1459 
  591        1490 
  592        1519 
  593        1469 
  594        1516 
  595        1539 
  596        1498 
  597        1484 
  598        1470 
  599        1480 
  600        1495 
  601        1456 
  602        1509 
  603        1554 
  604        1583 
  605        1500 
  606        1503 
  607        1496 
  608        1547 
  609        1500 
  610        1502 
  611        1514 
  612        1498 
  613        1537 
  614        1542 
  615        1506 
  616        1465 
  617        1474 
  618        1497 
  619        1501 
  620        1526 
  621        1528 
  622        1484 
  623        1484 
  624        1546 
  625        1466 
  626        1452 
  627        1514 
  628        1521 
  629        1446 
  630        1494 
  631        1543 
  632        1421 
  633        1485 
  634        1491 
  635        1511 
  636        1455 
  637        1482 
  638        1564 
  639        1475 
  640        1515 
  641        1475 
  642        1503 
  643        1509 
  644        1537 
  645        1485 
  646        1452 
  647        1472 
  648        1543 
  649        1509 
  650        1506 
  651        1445 
  652        1536 
  653        1559 
  654        1533 
  655        1517 
  656        1481 
  657        1517 
  658        1507 
  659        1492 
  660        1470 
  661        1464 
  662        1434 
  663        1548 
  664        1475 
  665        1535 
  666        1491 
  667        1503 
  668        1458 
  669        1462 
  670        1480 
  671        1442 
  672        1498 
  673        1482 
  674        1518 
  675        1513 
  676        1490 
  677        1485 
  678        1467 
  679        1510 
  680        1540 
  681        1455 
  682        1472 
  683        1468 
  684        1521 
  685        1468 
  686        1468 
  687        1500 
  688        1520 
  689        1481 
  690        1484 
  691        1576 
  692        1484 
  693        1475 
  694        1530 
  695        1572 
  696        1427 
  697        1530 
  698        1502 
  699        1524 
  700        1481 
  701        1491 
  702        1450 
  703        1517 
  704        1531 
  705        1435 
  706        1494 
  707        1417 
  708        1488 
  709        1452 
  710        1506 
  711        1519 
  712        1448 
  713        1439 
  714        1487 
  715        1464 
  716        1432 
  717        1522 
  718        1520 
  719        1514 
  720        1500 
  721        1504 
  722        1504 
  723        1489 
  724        1495 
  725        1529 
  726        1471 
  727        1531 
  728        1518 
  729        1557 
  730        1542 
  731        1492 
  732        1551 
  733        1424 
  734        1464 
  735        1499 
  736        1477 
  737        1503 
  738        1526 
  739        1489 
  740        1413 
  741        1403 
  742        1487 
  743        1524 
  744        1457 
  745        1447 
  746        1448 
  747        1493 
  748        1442 
  749        1447 
  750        1472 
  751        1409 
  752        1518 
  753        1456 
  754        1520 
  755        1455 
  756        1441 
  757        1422 
  758        1473 
  759        1462 
  760        1493 
  761        1458 
  762        1401 
  763        1367 
  764        1398 
  765        1317 
  766        1314 
  767        1334 
  768        1328 
  769        1337 
  770        1261 
  771        1329 
  772        1373 
  773        1324 
  774        1404 
  775        1372 
  776        1427 
  777        1464 
  778        1370 
  779        1361 
  780        1342 
  781        1341 
  782        1280 
  783        1364 
  784        1345 
  785        1328 
  786        1365 
  787        1368 
  788        1409 
  789        1385 
  790        1442 
  791        1471 
  792        1531 
  793        1449 
  794        1497 
  795        1393 
  796        1513 
  797        1477 
  798        1513 
  799        1466 
  800        1453 
  801        1482 
  802        1530 
  803        1454 
  804        1534 
  805        1495 
  806        1486 
  807        1537 
  808        1472 
  809        1485 
  810        1486 
  811        1416 
  812        1509 
  813        1495 
  814        1445 
  815        1466 
  816        1479 
  817        1462 
  818        1492 
  819        1437 
  820        1465 
  821        1512 
  822        1484 
  823        1444 
  824        1531 
  825        1513 
  826        1477 
  827        1479 
  828        1434 
  829        1498 
  830        1476 
  831        1503 
  832        1527 
  833        1531 
  834        1474 
  835        1466 
  836        1502 
  837        1487 
  838        1513 
  839        1441 
  840        1481 
  841        1489 
  842        1503 
  843        1531 
  844        1497 
  845        1426 
  846        1503 
  847        1452 
  848        1477 
  849        1512 
  850        1566 
  851        1459 
  852        1489 
  853        1474 
  854        1470 
  855        1542 
  856        1447 
  857        1454 
  858        1453 
  859        1418 
  860        1456 
  861        1479 
  862        1448 
  863        1447 
  864        1440 
  865        1447 
  866        1446 
  867        1533 
  868        1473 
  869        1442 
  870        1449 
  871        1409 
  872        1412 
  873        1474 
  874        1420 
  875        1541 
  876        1467 
  877        1548 
  878        1483 
  879        1520 
  880        1488 
  881        1554 
  882        1460 
  883        1470 
  884        1533 
  885        1525 
  886        1489 
  887        1522 
  888        1461 
  889        1476 
  890        1470 
  891        1445 
  892        1522 
  893        1467 
  894        1464 
  895        1511 
  896        1449 
  897        1534 
  898        1421 
  899        1514 
  900        1475 
  901        1499 
  902        1493 
  903        1545 
  904        1568 
  905        1494 
  906        1437 
  907        1518 
  908        1445 
  909        1500 
  910        1444 
  911        1453 
  912        1504 
  913        1502 
  914        1499 
  915        1504 
  916        1531 
  917        1498 
  918        1550 
  919        1468 
  920        1507 
  921        1454 
  922        1499 
  923        1449 
  924        1541 
  925        1546 
  926        1449 
  927        1477 
  928        1527 
  929        1520 
  930        1490 
  931        1526 
  932        1506 
  933        1499 
  934        1474 
  935        1517 
  936        1478 
  937        1504 
  938        1505 
  939        1441 
  940        1476 
  941        1524 
  942        1441 
  943        1547 
  944        1451 
  945        1463 
  946        1500 
  947        1575 
  948        1478 
  949        1466 
  950        1520 
  951        1504 
  952        1425 
  953        1505 
  954        1476 
  955        1567 
  956        1489 
  957        1534 
  958        1528 
  959        1511 
  960        1505 
  961        1433 
  962        1557 
  963        1546 
  964        1487 
  965        1431 
  966        1478 
  967        1496 
  968        1453 
  969        1492 
  970        1441 
  971        1552 
  972        1445 
  973        1455 
  974        1561 
  975        1471 
  976        1453 
  977        1478 
  978        1506 
  979        1479 
  980        1467 
  981        1474 
  982        1519 
  983        1532 
  984        1545 
  985        1496 
  986        1484 
  987        1519 
  988        1490 
  989        1452 
  990        1483 
  991        1439 
  992        1546 
  993        1438 
  994        1467 
  995        1426 
  996        1449 
  997        1490 
  998        1477 
  999        1503 
 1000        1530 
 1001        1486 
 1002        1534 
 1003        1539 
 1004        1517 
 1005        1495 
 1006        1513 
 1007        1542 
 1008        1446 
 1009        1480 
 1010        1512 
 1011        1493 
 1012        1502 
 1013        1482 
 1014        1523 
 1015        1532 
 1016        1476 
 1017        1458 
 1018        1510 
 1019        1390 
 1020        1470 
 1021        1496 
 1022        1509 
 1023        1529 
 1024        1470 
