    1        1644 
    2        1634 
    3        1534 
    4        1625 
    5        1656 
    6        1531 
    7        1704 
    8        1701 
    9        1584 
   10        1614 
   11        1514 
   12        1624 
   13        1646 
   14        1588 
   15        1647 
   16        1613 
   17        1569 
   18        1582 
   19        1606 
   20        1628 
   21        1614 
   22        1618 
   23        1627 
   24        1527 
   25        1646 
   26        1614 
   27        1658 
   28        1616 
   29        1621 
   30        1568 
   31        1679 
   32        1546 
   33        1601 
   34        1584 
   35        1649 
   36        1580 
   37        1617 
   38        1559 
   39        1582 
   40        1620 
   41        1615 
   42        1572 
   43        1591 
   44        1545 
   45        1610 
   46        1667 
   47        1584 
   48        1604 
   49        1579 
   50        1538 
   51        1654 
   52        1598 
   53        1580 
   54        1589 
   55        1586 
   56        1627 
   57        1562 
   58        1550 
   59        1574 
   60        1598 
   61        1601 
   62        1569 
   63        1651 
   64        1661 
   65        1703 
   66        1636 
   67        1572 
   68        1674 
   69        1646 
   70        1655 
   71        1573 
   72        1595 
   73        1558 
   74        1522 
   75        1683 
   76        1518 
   77        1647 
   78        1630 
   79        1547 
   80        1635 
   81        1661 
   82        1517 
   83        1673 
   84        1599 
   85        1564 
   86        1636 
   87        1643 
   88        1576 
   89        1624 
   90        1624 
   91        1641 
   92        1533 
   93        1631 
   94        1628 
   95        1576 
   96        1583 
   97        1641 
   98        1587 
   99        1594 
  100        1604 
  101        1542 
  102        1592 
  103        1570 
  104        1658 
  105        1657 
  106        1572 
  107        1625 
  108        1578 
  109        1652 
  110        1595 
  111        1634 
  112        1618 
  113        1572 
  114        1608 
  115        1583 
  116        1638 
  117        1553 
  118        1646 
  119        1579 
  120        1624 
  121        1575 
  122        1642 
  123        1631 
  124        1671 
  125        1623 
  126        1639 
  127        1578 
  128        1547 
  129        1662 
  130        1623 
  131        1632 
  132        1609 
  133        1556 
  134        1616 
  135        1650 
  136        1649 
  137        1639 
  138        1515 
  139        1620 
  140        1593 
  141        1585 
  142        1605 
  143        1621 
  144        1584 
  145        1650 
  146        1622 
  147        1652 
  148        1535 
  149        1639 
  150        1612 
  151        1602 
  152        1630 
  153        1651 
  154        1645 
  155        1581 
  156        1583 
  157        1547 
  158        1569 
  159        1658 
  160        1602 
  161        1553 
  162        1587 
  163        1575 
  164        1600 
  165        1590 
  166        1558 
  167        1521 
  168        1690 
  169        1592 
  170        1603 
  171        1625 
  172        1514 
  173        1647 
  174        1558 
  175        1668 
  176        1525 
  177        1574 
  178        1600 
  179        1647 
  180        1543 
  181        1620 
  182        1609 
  183        1611 
  184        1678 
  185        1670 
  186        1553 
  187        1631 
  188        1621 
  189        1569 
  190        1598 
  191        1642 
  192        1600 
  193        1602 
  194        1564 
  195        1664 
  196        1530 
  197        1554 
  198        1604 
  199        1544 
  200        1629 
  201        1482 
  202        1455 
  203        1462 
  204        1408 
  205        1365 
  206        1368 
  207        1447 
  208        1429 
  209        1546 
  210        1568 
  211        1533 
  212        1583 
  213        1555 
  214        1633 
  215        1568 
  216        1598 
  217        1647 
  218        1575 
  219        1604 
  220        1658 
  221        1525 
  222        1558 
  223        1642 
  224        1568 
  225        1578 
  226        1538 
  227        1663 
  228        1609 
  229        1570 
  230        1647 
  231        1542 
  232        1616 
  233        1622 
  234        1538 
  235        1590 
  236        1660 
  237        1629 
  238        1585 
  239        1603 
  240        1619 
  241        1579 
  242        1608 
  243        1589 
  244        1605 
  245        1627 
  246        1632 
  247        1601 
  248        1559 
  249        1599 
  250        1723 
  251        1650 
  252        1650 
  253        1576 
  254        1627 
  255        1556 
  256        1549 
  257        1542 
  258        1565 
  259        1533 
  260        1502 
  261        1478 
  262        1417 
  263        1400 
  264        1386 
  265        1420 
  266        1478 
  267        1388 
  268        1559 
  269        1547 
  270        1529 
  271        1559 
  272        1690 
  273        1582 
  274        1609 
  275        1648 
  276        1593 
  277        1638 
  278        1604 
  279        1599 
  280        1603 
  281        1550 
  282        1607 
  283        1647 
  284        1592 
  285        1563 
  286        1637 
  287        1641 
  288        1606 
  289        1691 
  290        1665 
  291        1625 
  292        1620 
  293        1671 
  294        1657 
  295        1651 
  296        1671 
  297        1611 
  298        1539 
  299        1609 
  300        1528 
  301        1579 
  302        1617 
  303        1577 
  304        1609 
  305        1685 
  306        1552 
  307        1639 
  308        1598 
  309        1611 
  310        1577 
  311        1590 
  312        1629 
  313        1637 
  314        1571 
  315        1592 
  316        1630 
  317        1520 
  318        1638 
  319        1549 
  320        1580 
  321        1602 
  322        1559 
  323        1652 
  324        1647 
  325        1564 
  326        1551 
  327        1636 
  328        1725 
  329        1587 
  330        1621 
  331        1569 
  332        1646 
  333        1604 
  334        1606 
  335        1562 
  336        1625 
  337        1591 
  338        1607 
  339        1610 
  340        1611 
  341        1618 
  342        1517 
  343        1584 
  344        1631 
  345        1656 
  346        1564 
  347        1580 
  348        1589 
  349        1635 
  350        1607 
  351        1567 
  352        1607 
  353        1595 
  354        1650 
  355        1620 
  356        1645 
  357        1605 
  358        1596 
  359        1637 
  360        1576 
  361        1604 
  362        1617 
  363        1612 
  364        1634 
  365        1647 
  366        1694 
  367        1551 
  368        1572 
  369        1610 
  370        1624 
  371        1661 
  372        1586 
  373        1638 
  374        1573 
  375        1635 
  376        1573 
  377        1585 
  378        1615 
  379        1621 
  380        1616 
  381        1562 
  382        1606 
  383        1598 
  384        1605 
  385        1573 
  386        1614 
  387        1645 
  388        1571 
  389        1648 
  390        1707 
  391        1618 
  392        1599 
  393        1588 
  394        1651 
  395        1596 
  396        1638 
  397        1629 
  398        1654 
  399        1620 
  400        1629 
  401        1605 
  402        1631 
  403        1592 
  404        1621 
  405        1565 
  406        1577 
  407        1642 
  408        1639 
  409        1615 
  410        1628 
  411        1622 
  412        1645 
  413        1637 
  414        1543 
  415        1571 
  416        1622 
  417        1644 
  418        1689 
  419        1579 
  420        1709 
  421        1607 
  422        1572 
  423        1624 
  424        1599 
  425        1674 
  426        1557 
  427        1572 
  428        1581 
  429        1600 
  430        1616 
  431        1675 
  432        1602 
  433        1633 
  434        1632 
  435        1579 
  436        1655 
  437        1589 
  438        1578 
  439        1608 
  440        1625 
  441        1627 
  442        1590 
  443        1655 
  444        1549 
  445        1615 
  446        1565 
  447        1654 
  448        1601 
  449        1595 
  450        1606 
  451        1626 
  452        1508 
  453        1533 
  454        1508 
  455        1644 
  456        1605 
  457        1599 
  458        1603 
  459        1631 
  460        1634 
  461        1564 
  462        1697 
  463        1580 
  464        1611 
  465        1645 
  466        1657 
  467        1560 
  468        1549 
  469        1666 
  470        1548 
  471        1611 
  472        1535 
  473        1585 
  474        1609 
  475        1637 
  476        1523 
  477        1542 
  478        1619 
  479        1652 
  480        1618 
  481        1590 
  482        1533 
  483        1576 
  484        1612 
  485        1636 
  486        1553 
  487        1586 
  488        1647 
  489        1577 
  490        1594 
  491        1637 
  492        1623 
  493        1622 
  494        1595 
  495        1659 
  496        1588 
  497        1620 
  498        1639 
  499        1566 
  500        1592 
  501        1604 
  502        1596 
  503        1595 
  504        1623 
  505        1621 
  506        1541 
  507        1576 
  508        1598 
  509        1638 
  510        1536 
  511        1638 
  512        1613 
  513        1574 
  514        1670 
  515        1610 
  516        1576 
  517        1640 
  518        1575 
  519        1681 
  520        1649 
  521        1591 
  522        1544 
  523        1593 
  524        1616 
  525        1670 
  526        1587 
  527        1612 
  528        1570 
  529        1569 
  530        1541 
  531        1554 
  532        1622 
  533        1526 
  534        1596 
  535        1678 
  536        1718 
  537        1548 
  538        1637 
  539        1644 
  540        1627 
  541        1662 
  542        1642 
  543        1588 
  544        1665 
  545        1598 
  546        1574 
  547        1710 
  548        1567 
  549        1622 
  550        1636 
  551        1564 
  552        1638 
  553        1655 
  554        1607 
  555        1591 
  556        1552 
  557        1554 
  558        1565 
  559        1645 
  560        1560 
  561        1573 
  562        1604 
  563        1579 
  564        1577 
  565        1591 
  566        1674 
  567        1575 
  568        1625 
  569        1633 
  570        1595 
  571        1622 
  572        1679 
  573        1558 
  574        1625 
  575        1600 
  576        1579 
  577        1606 
  578        1651 
  579        1552 
  580        1642 
  581        1630 
  582        1529 
  583        1557 
  584        1600 
  585        1607 
  586        1602 
  587        1618 
  588        1615 
  589        1601 
  590        1625 
  591        1620 
  592        1568 
  593        1577 
  594        1667 
  595        1578 
  596        1586 
  597        1677 
  598        1600 
  599        1606 
  600        1532 
  601        1604 
  602        1650 
  603        1573 
  604        1583 
  605        1624 
  606        1626 
  607        1534 
  608        1629 
  609        1577 
  610        1612 
  611        1635 
  612        1534 
  613        1628 
  614        1539 
  615        1666 
  616        1540 
  617        1599 
  618        1560 
  619        1634 
  620        1643 
  621        1626 
  622        1705 
  623        1621 
  624        1537 
  625        1603 
  626        1579 
  627        1599 
  628        1605 
  629        1539 
  630        1599 
  631        1524 
  632        1682 
  633        1538 
  634        1541 
  635        1584 
  636        1675 
  637        1628 
  638        1573 
  639        1566 
  640        1590 
  641        1602 
  642        1633 
  643        1589 
  644        1610 
  645        1619 
  646        1631 
  647        1613 
  648        1610 
  649        1574 
  650        1647 
  651        1618 
  652        1637 
  653        1610 
  654        1590 
  655        1575 
  656        1583 
  657        1571 
  658        1633 
  659        1595 
  660        1704 
  661        1593 
  662        1601 
  663        1599 
  664        1601 
  665        1579 
  666        1564 
  667        1514 
  668        1640 
  669        1603 
  670        1654 
  671        1554 
  672        1625 
  673        1620 
  674        1586 
  675        1564 
  676        1608 
  677        1588 
  678        1578 
  679        1565 
  680        1578 
  681        1650 
  682        1569 
  683        1603 
  684        1563 
  685        1646 
  686        1605 
  687        1593 
  688        1542 
  689        1452 
  690        1674 
  691        1588 
  692        1642 
  693        1590 
  694        1570 
  695        1550 
  696        1657 
  697        1569 
  698        1559 
  699        1538 
  700        1635 
  701        1625 
  702        1641 
  703        1590 
  704        1703 
  705        1602 
  706        1570 
  707        1619 
  708        1635 
  709        1627 
  710        1584 
  711        1583 
  712        1643 
  713        1663 
  714        1649 
  715        1582 
  716        1606 
  717        1628 
  718        1584 
  719        1588 
  720        1553 
  721        1607 
  722        1577 
  723        1542 
  724        1630 
  725        1582 
  726        1575 
  727        1594 
  728        1581 
  729        1619 
  730        1605 
  731        1547 
  732        1609 
  733        1611 
  734        1552 
  735        1556 
  736        1604 
  737        1614 
  738        1639 
  739        1583 
  740        1554 
  741        1657 
  742        1612 
  743        1553 
  744        1562 
  745        1584 
  746        1598 
  747        1604 
  748        1636 
  749        1528 
  750        1560 
  751        1558 
  752        1618 
  753        1578 
  754        1607 
  755        1576 
  756        1586 
  757        1553 
  758        1619 
  759        1494 
  760        1556 
  761        1539 
  762        1431 
  763        1374 
  764        1323 
  765        1425 
  766        1516 
  767        1424 
  768        1480 
  769        1507 
  770        1467 
  771        1548 
  772        1512 
  773        1596 
  774        1596 
  775        1632 
  776        1520 
  777        1566 
  778        1549 
  779        1526 
  780        1529 
  781        1575 
  782        1573 
  783        1575 
  784        1564 
  785        1574 
  786        1622 
  787        1577 
  788        1533 
  789        1584 
  790        1460 
  791        1598 
  792        1553 
  793        1591 
  794        1612 
  795        1565 
  796        1630 
  797        1636 
  798        1581 
  799        1572 
  800        1666 
  801        1572 
  802        1578 
  803        1602 
  804        1576 
  805        1591 
  806        1555 
  807        1581 
  808        1601 
  809        1527 
  810        1575 
  811        1618 
  812        1607 
  813        1477 
  814        1577 
  815        1523 
  816        1537 
  817        1503 
  818        1485 
  819        1366 
  820        1419 
  821        1362 
  822        1402 
  823        1423 
  824        1458 
  825        1458 
  826        1538 
  827        1520 
  828        1583 
  829        1543 
  830        1612 
  831        1530 
  832        1575 
  833        1561 
  834        1611 
  835        1588 
  836        1625 
  837        1574 
  838        1544 
  839        1629 
  840        1617 
  841        1585 
  842        1575 
  843        1630 
  844        1573 
  845        1640 
  846        1553 
  847        1617 
  848        1585 
  849        1675 
  850        1643 
  851        1693 
  852        1635 
  853        1582 
  854        1640 
  855        1606 
  856        1625 
  857        1660 
  858        1588 
  859        1628 
  860        1530 
  861        1617 
  862        1586 
  863        1564 
  864        1564 
  865        1567 
  866        1558 
  867        1695 
  868        1652 
  869        1675 
  870        1581 
  871        1652 
  872        1636 
  873        1657 
  874        1638 
  875        1636 
  876        1632 
  877        1618 
  878        1645 
  879        1598 
  880        1557 
  881        1590 
  882        1683 
  883        1564 
  884        1591 
  885        1555 
  886        1552 
  887        1542 
  888        1678 
  889        1560 
  890        1690 
  891        1591 
  892        1546 
  893        1585 
  894        1569 
  895        1631 
  896        1623 
  897        1540 
  898        1565 
  899        1663 
  900        1662 
  901        1648 
  902        1594 
  903        1626 
  904        1639 
  905        1582 
  906        1621 
  907        1647 
  908        1612 
  909        1616 
  910        1609 
  911        1608 
  912        1642 
  913        1646 
  914        1627 
  915        1591 
  916        1627 
  917        1594 
  918        1681 
  919        1668 
  920        1565 
  921        1556 
  922        1560 
  923        1696 
  924        1564 
  925        1648 
  926        1558 
  927        1586 
  928        1603 
  929        1585 
  930        1644 
  931        1587 
  932        1613 
  933        1586 
  934        1653 
  935        1593 
  936        1575 
  937        1602 
  938        1633 
  939        1651 
  940        1577 
  941        1574 
  942        1606 
  943        1620 
  944        1552 
  945        1645 
  946        1631 
  947        1617 
  948        1642 
  949        1636 
  950        1605 
  951        1616 
  952        1527 
  953        1668 
  954        1599 
  955        1640 
  956        1525 
  957        1615 
  958        1612 
  959        1663 
  960        1666 
  961        1637 
  962        1648 
  963        1545 
  964        1565 
  965        1560 
  966        1607 
  967        1652 
  968        1599 
  969        1586 
  970        1550 
  971        1614 
  972        1615 
  973        1610 
  974        1685 
  975        1607 
  976        1595 
  977        1588 
  978        1550 
  979        1583 
  980        1657 
  981        1626 
  982        1589 
  983        1641 
  984        1548 
  985        1572 
  986        1678 
  987        1645 
  988        1605 
  989        1600 
  990        1589 
  991        1628 
  992        1561 
  993        1599 
  994        1644 
  995        1656 
  996        1615 
  997        1609 
  998        1640 
  999        1647 
 1000        1650 
 1001        1583 
 1002        1566 
 1003        1503 
 1004        1621 
 1005        1562 
 1006        1616 
 1007        1585 
 1008        1577 
 1009        1544 
 1010        1646 
 1011        1607 
 1012        1538 
 1013        1629 
 1014        1632 
 1015        1636 
 1016        1642 
 1017        1598 
 1018        1618 
 1019        1591 
 1020        1632 
 1021        1563 
 1022        1596 
 1023        1538 
 1024        1630 
