    1        1252 
    2        1216 
    3        1169 
    4        1190 
    5        1180 
    6        1195 
    7        1176 
    8        1122 
    9        1229 
   10        1199 
   11        1185 
   12        1184 
   13        1191 
   14        1171 
   15        1237 
   16        1219 
   17        1167 
   18        1216 
   19        1196 
   20        1296 
   21        1187 
   22        1174 
   23        1221 
   24        1189 
   25        1273 
   26        1165 
   27        1211 
   28        1135 
   29        1199 
   30        1213 
   31        1191 
   32        1232 
   33        1196 
   34        1218 
   35        1196 
   36        1229 
   37        1212 
   38        1205 
   39        1190 
   40        1236 
   41        1238 
   42        1167 
   43        1231 
   44        1185 
   45        1226 
   46        1201 
   47        1172 
   48        1173 
   49        1218 
   50        1220 
   51        1185 
   52        1188 
   53        1128 
   54        1156 
   55        1246 
   56        1199 
   57        1209 
   58        1192 
   59        1214 
   60        1136 
   61        1219 
   62        1122 
   63        1171 
   64        1158 
   65        1234 
   66        1237 
   67        1213 
   68        1112 
   69        1248 
   70        1195 
   71        1170 
   72        1215 
   73        1212 
   74        1170 
   75        1188 
   76        1219 
   77        1180 
   78        1172 
   79        1176 
   80        1200 
   81        1270 
   82        1224 
   83        1205 
   84        1173 
   85        1172 
   86        1212 
   87        1192 
   88        1163 
   89        1189 
   90        1195 
   91        1266 
   92        1208 
   93        1164 
   94        1241 
   95        1210 
   96        1177 
   97        1196 
   98        1183 
   99        1249 
  100        1234 
  101        1186 
  102        1132 
  103        1229 
  104        1208 
  105        1158 
  106        1227 
  107        1165 
  108        1209 
  109        1189 
  110        1213 
  111        1194 
  112        1186 
  113        1262 
  114        1139 
  115        1236 
  116        1296 
  117           0 
  118           0 
  119           0 
  120           0 
  121           0 
  122           0 
  123           0 
  124           0 
  125           0 
  126           0 
  127           0 
  128           0 
  129           0 
  130           0 
  131           0 
  132           0 
  133           0 
  134           0 
  135           0 
  136           0 
  137           0 
  138           0 
  139           0 
  140           0 
  141           0 
  142           0 
  143           0 
  144           0 
  145           0 
  146           0 
  147           0 
  148           0 
  149           0 
  150           0 
  151           0 
  152           0 
  153           0 
  154           0 
  155           0 
  156           0 
  157           0 
  158           0 
  159           0 
  160           0 
  161           0 
  162           0 
  163           0 
  164           0 
  165           0 
  166           0 
  167           0 
  168           0 
  169           0 
  170           0 
  171           0 
  172           0 
  173           0 
  174           0 
  175           0 
  176           0 
  177           0 
  178           0 
  179           0 
  180           0 
  181           0 
  182           0 
  183           0 
  184           0 
  185           0 
  186           0 
  187           0 
  188           0 
  189           0 
  190           0 
  191           0 
  192           0 
  193           0 
  194           0 
  195           0 
  196           0 
  197           2 
  198           1 
  199           0 
  200           0 
  201           0 
  202           0 
  203           0 
  204           0 
  205           1 
  206           0 
  207           0 
  208           0 
  209           0 
  210           0 
  211           2 
  212           2 
  213           0 
  214           0 
  215           0 
  216           0 
  217           0 
  218           0 
  219           2 
  220           0 
  221           0 
  222           1 
  223           0 
  224           2 
  225           0 
  226           0 
  227           0 
  228           0 
  229           0 
  230           0 
  231           1 
  232           0 
  233           1 
  234           0 
  235           2 
  236           1 
  237           0 
  238           1 
  239           0 
  240           2 
  241           0 
  242           3 
  243           0 
  244           2 
  245           2 
  246           0 
  247           0 
  248           0 
  249           0 
  250           0 
  251           0 
  252           1 
  253           1 
  254           0 
  255           1 
  256           1 
  257           1 
  258           2 
  259           0 
  260           3 
  261           0 
  262           0 
  263           1 
  264           1 
  265           1 
  266           0 
  267           1 
  268           0 
  269           0 
  270           0 
  271           2 
  272           1 
  273           1 
  274           4 
  275           2 
  276           2 
  277           0 
  278           1 
  279           0 
  280           0 
  281           2 
  282           0 
  283           1 
  284           1 
  285           0 
  286           5 
  287           2 
  288           0 
  289           2 
  290           1 
  291           3 
  292           1 
  293           2 
  294           3 
  295           2 
  296           0 
  297           0 
  298           4 
  299           1 
  300           0 
  301           0 
  302           1 
  303           2 
  304           2 
  305           1 
  306           2 
  307           0 
  308           2 
  309           0 
  310           1 
  311           1 
  312           4 
  313           3 
  314           3 
  315           0 
  316           0 
  317           1 
  318           0 
  319           0 
  320           4 
  321           1 
  322           1 
  323           2 
  324           1 
  325           5 
  326           0 
  327           1 
  328           4 
  329           4 
  330           3 
  331           3 
  332           3 
  333           0 
  334           1 
  335           3 
  336           5 
  337           3 
  338           2 
  339           5 
  340           0 
  341           2 
  342           2 
  343           2 
  344           1 
  345           1 
  346           1 
  347           2 
  348           2 
  349           0 
  350           2 
  351           3 
  352           1 
  353           1 
  354           4 
  355           2 
  356           3 
  357           1 
  358           2 
  359           2 
  360           0 
  361           4 
  362           1 
  363           6 
  364           3 
  365           4 
  366           3 
  367           1 
  368           1 
  369           2 
  370           3 
  371           3 
  372           1 
  373           1 
  374           1 
  375           2 
  376           3 
  377           1 
  378           3 
  379           5 
  380           4 
  381           6 
  382           3 
  383           6 
  384           1 
  385           3 
  386           2 
  387           2 
  388           1 
  389           2 
  390           6 
  391           1 
  392           1 
  393           0 
  394           2 
  395           4 
  396           1 
  397           1 
  398           2 
  399           0 
  400           4 
  401           0 
  402           0 
  403           4 
  404           3 
  405           1 
  406           1 
  407           0 
  408           0 
  409           2 
  410           0 
  411           2 
  412           1 
  413           2 
  414           1 
  415           2 
  416           4 
  417           3 
  418           2 
  419           1 
  420           4 
  421           4 
  422           1 
  423           4 
  424           4 
  425           7 
  426           4 
  427           1 
  428           5 
  429           5 
  430           0 
  431           6 
  432           0 
  433           2 
  434           0 
  435           3 
  436           2 
  437           1 
  438           3 
  439           1 
  440           2 
  441           4 
  442           3 
  443           2 
  444           1 
  445           4 
  446           5 
  447           3 
  448           2 
  449           4 
  450           1 
  451           3 
  452           1 
  453           1 
  454           2 
  455           6 
  456           0 
  457           2 
  458           5 
  459           2 
  460           4 
  461           0 
  462           5 
  463           2 
  464           4 
  465           3 
  466           2 
  467           3 
  468           1 
  469           2 
  470           2 
  471           1 
  472           6 
  473           1 
  474           0 
  475           3 
  476           5 
  477           6 
  478           2 
  479           2 
  480           2 
  481           1 
  482           6 
  483           2 
  484           2 
  485           4 
  486           4 
  487           4 
  488           3 
  489           5 
  490           5 
  491           4 
  492           7 
  493           7 
  494           4 
  495           5 
  496           2 
  497           3 
  498           4 
  499           5 
  500           5 
  501           3 
  502           2 
  503           3 
  504           5 
  505           6 
  506           4 
  507           3 
  508           7 
  509           4 
  510           6 
  511           6 
  512           3 
  513           3 
  514           4 
  515           3 
  516           5 
  517           3 
  518           2 
  519           3 
  520           4 
  521           4 
  522           6 
  523           7 
  524           3 
  525           4 
  526           3 
  527           3 
  528           7 
  529           9 
  530           6 
  531           3 
  532           9 
  533           3 
  534           3 
  535           6 
  536           3 
  537           1 
  538           2 
  539           2 
  540           2 
  541           3 
  542           4 
  543           3 
  544           6 
  545           3 
  546           4 
  547           3 
  548           4 
  549           0 
  550           5 
  551           4 
  552           1 
  553           6 
  554           2 
  555           4 
  556           4 
  557           3 
  558           2 
  559           3 
  560           4 
  561           2 
  562           7 
  563           3 
  564           3 
  565           5 
  566           3 
  567           5 
  568           3 
  569           2 
  570           7 
  571           9 
  572           1 
  573           5 
  574           3 
  575           3 
  576           2 
  577           4 
  578           5 
  579           9 
  580           8 
  581           3 
  582           3 
  583           6 
  584           6 
  585           1 
  586           5 
  587           7 
  588           6 
  589           5 
  590           3 
  591           3 
  592           4 
  593           4 
  594           7 
  595          10 
  596           5 
  597           5 
  598           4 
  599           7 
  600           3 
  601           6 
  602           3 
  603           5 
  604           3 
  605           3 
  606           4 
  607           5 
  608           2 
  609           7 
  610           6 
  611           9 
  612          12 
  613           7 
  614           9 
  615           6 
  616           3 
  617           3 
  618           4 
  619           1 
  620           6 
  621           3 
  622           2 
  623           3 
  624           4 
  625           6 
  626           5 
  627           5 
  628           7 
  629           5 
  630           6 
  631           2 
  632           2 
  633           5 
  634           2 
  635           5 
  636           6 
  637           6 
  638           8 
  639           4 
  640           3 
  641           7 
  642           3 
  643           4 
  644           4 
  645           5 
  646           4 
  647           6 
  648           3 
  649           4 
  650           5 
  651           2 
  652           7 
  653           1 
  654           6 
  655           5 
  656           4 
  657           8 
  658          10 
  659           2 
  660           5 
  661           4 
  662           5 
  663           3 
  664           2 
  665           1 
  666           3 
  667           5 
  668           5 
  669           6 
  670           8 
  671           3 
  672           7 
  673           5 
  674           7 
  675           7 
  676           5 
  677          10 
  678           4 
  679           9 
  680           3 
  681           8 
  682           3 
  683           5 
  684           2 
  685           2 
  686           4 
  687           8 
  688           3 
  689           4 
  690           6 
  691           5 
  692           5 
  693          10 
  694           5 
  695           6 
  696           5 
  697           6 
  698          10 
  699           7 
  700           6 
  701           3 
  702           6 
  703           4 
  704           4 
  705           6 
  706           7 
  707           3 
  708           9 
  709           8 
  710           6 
  711           7 
  712           4 
  713           6 
  714           5 
  715           4 
  716           8 
  717           1 
  718           9 
  719           5 
  720           6 
  721           4 
  722           6 
  723           8 
  724           7 
  725           9 
  726           6 
  727          10 
  728           8 
  729          10 
  730           5 
  731           2 
  732           6 
  733           9 
  734          10 
  735          13 
  736           1 
  737           6 
  738           7 
  739           9 
  740           9 
  741           8 
  742           6 
  743           6 
  744           2 
  745           6 
  746           2 
  747           9 
  748           6 
  749          12 
  750           8 
  751           6 
  752           4 
  753           9 
  754           7 
  755           6 
  756           7 
  757           3 
  758           9 
  759           7 
  760           8 
  761           7 
  762           7 
  763           2 
  764           7 
  765           6 
  766           5 
  767           6 
  768           5 
  769           6 
  770           3 
  771           4 
  772           5 
  773           6 
  774           6 
  775           7 
  776           4 
  777           8 
  778           6 
  779           8 
  780           9 
  781           9 
  782           8 
  783           5 
  784           8 
  785           8 
  786           7 
  787           9 
  788           7 
  789           8 
  790           7 
  791           3 
  792           3 
  793           7 
  794           7 
  795          11 
  796           6 
  797           8 
  798           6 
  799           4 
  800           4 
  801           6 
  802           6 
  803           1 
  804          11 
  805           9 
  806           4 
  807           3 
  808          11 
  809           8 
  810           9 
  811           7 
  812           4 
  813           3 
  814           3 
  815           4 
  816           6 
  817           5 
  818           7 
  819           9 
  820           1 
  821           5 
  822          11 
  823           8 
  824           4 
  825           6 
  826           8 
  827           8 
  828           5 
  829           8 
  830           8 
  831           9 
  832           5 
  833           8 
  834          10 
  835           8 
  836          12 
  837          11 
  838           7 
  839           6 
  840           3 
  841           9 
  842          12 
  843           8 
  844          11 
  845           4 
  846           9 
  847          10 
  848           8 
  849           6 
  850           5 
  851           7 
  852           7 
  853          10 
  854           7 
  855           5 
  856           6 
  857           9 
  858           7 
  859           9 
  860          10 
  861           5 
  862           8 
  863           6 
  864           9 
  865           2 
  866           7 
  867          10 
  868           6 
  869          12 
  870           6 
  871           6 
  872          10 
  873           9 
  874          11 
  875           4 
  876           5 
  877          12 
  878          12 
  879          10 
  880           9 
  881           4 
  882           6 
  883           7 
  884           9 
  885           8 
  886           7 
  887          11 
  888           4 
  889           6 
  890           2 
  891           7 
  892           4 
  893           7 
  894           7 
  895          11 
  896           8 
  897          11 
  898           6 
  899           5 
  900           7 
  901           7 
  902           8 
  903          10 
  904           9 
  905           3 
  906          11 
  907           4 
  908           7 
  909           6 
  910          12 
  911           7 
  912           5 
  913          15 
  914           9 
  915           3 
  916           9 
  917           7 
  918           7 
  919          10 
  920          10 
  921           6 
  922           9 
  923           9 
  924           5 
  925           7 
  926          14 
  927           7 
  928           6 
  929          11 
  930           5 
  931          10 
  932           9 
  933           5 
  934          10 
  935           7 
  936           4 
  937           8 
  938           7 
  939           9 
  940          11 
  941           5 
  942           5 
  943           7 
  944           6 
  945           7 
  946           6 
  947           7 
  948           7 
  949          11 
  950          12 
  951          12 
  952           8 
  953           5 
  954          13 
  955          10 
  956           5 
  957          11 
  958           8 
  959           5 
  960           9 
  961           8 
  962          11 
  963           8 
  964           6 
  965           9 
  966          11 
  967           8 
  968          10 
  969           5 
  970           7 
  971           8 
  972           7 
  973          11 
  974          11 
  975          13 
  976          10 
  977           8 
  978           8 
  979          14 
  980          11 
  981           7 
  982           9 
  983           9 
  984           9 
  985           7 
  986           5 
  987           7 
  988           8 
  989           7 
  990           6 
  991          10 
  992          12 
  993          10 
  994           9 
  995          12 
  996           9 
  997          11 
  998          12 
  999           5 
 1000           7 
 1001           7 
 1002          12 
 1003          12 
 1004          10 
 1005          16 
 1006          12 
 1007          10 
 1008           6 
 1009           5 
 1010          11 
 1011          13 
 1012          12 
 1013           8 
 1014           9 
 1015          18 
 1016           7 
 1017          20 
 1018          13 
 1019          10 
 1020           8 
 1021           9 
 1022          12 
 1023           8 
 1024           7 
