    1        1328 
    2        1327 
    3        1309 
    4        1292 
    5        1320 
    6        1350 
    7        1298 
    8        1263 
    9        1307 
   10        1366 
   11        1294 
   12        1323 
   13        1247 
   14        1316 
   15        1235 
   16        1311 
   17        1290 
   18        1341 
   19        1293 
   20        1257 
   21        1337 
   22        1223 
   23        1318 
   24        1293 
   25        1326 
   26        1264 
   27        1280 
   28        1300 
   29        1320 
   30        1321 
   31        1277 
   32        1300 
   33        1268 
   34        1304 
   35        1361 
   36        1331 
   37        1352 
   38        1331 
   39        1268 
   40        1335 
   41        1291 
   42        1307 
   43        1308 
   44        1322 
   45        1274 
   46        1269 
   47        1267 
   48        1312 
   49        1373 
   50        1333 
   51        1297 
   52        1256 
   53        1343 
   54        1279 
   55        1268 
   56        1284 
   57        1244 
   58        1238 
   59        1299 
   60        1303 
   61        1236 
   62        1268 
   63        1287 
   64        1249 
   65        1341 
   66        1268 
   67        1314 
   68        1216 
   69        1339 
   70        1295 
   71        1270 
   72        1325 
   73        1242 
   74        1286 
   75        1358 
   76        1314 
   77        1297 
   78        1258 
   79        1229 
   80        1339 
   81        1354 
   82        1280 
   83        1311 
   84        1324 
   85        1359 
   86        1265 
   87        1316 
   88        1285 
   89        1319 
   90        1302 
   91        1280 
   92        1268 
   93        1236 
   94        1254 
   95        1283 
   96        1240 
   97        1333 
   98        1274 
   99        1358 
  100        1298 
  101        1280 
  102        1372 
  103        1323 
  104        1264 
  105        1298 
  106        1325 
  107        1284 
  108        1329 
  109        1340 
  110        1306 
  111        1243 
  112        1259 
  113        1283 
  114        1269 
  115        1314 
  116        1271 
  117        1301 
  118        1280 
  119        1254 
  120        1283 
  121        1301 
  122        1299 
  123        1269 
  124        1271 
  125        1268 
  126        1373 
  127        1337 
  128        1256 
  129        1272 
  130        1324 
  131        1255 
  132        1335 
  133        1280 
  134        1290 
  135        1350 
  136        1326 
  137        1286 
  138        1234 
  139        1244 
  140        1296 
  141        1170 
  142        1318 
  143        1295 
  144        1296 
  145        1313 
  146        1257 
  147        1248 
  148        1379 
  149        1264 
  150        1287 
  151        1269 
  152        1305 
  153        1285 
  154        1263 
  155        1274 
  156        1242 
  157        1252 
  158        1319 
  159        1341 
  160        1285 
  161        1202 
  162        1301 
  163        1340 
  164        1335 
  165        1323 
  166        1235 
  167        1222 
  168        1335 
  169        1362 
  170        1275 
  171        1314 
  172        1263 
  173        1344 
  174        1239 
  175        1332 
  176        1336 
  177        1303 
  178        1282 
  179        1301 
  180        1340 
  181        1360 
  182        1310 
  183        1285 
  184        1317 
  185        1372 
  186        1316 
  187        1269 
  188        1352 
  189        1351 
  190        1343 
  191        1309 
  192        1315 
  193        1341 
  194        1311 
  195        1283 
  196        1287 
  197        1318 
  198        1329 
  199        1281 
  200        1289 
  201        1214 
  202        1315 
  203        1283 
  204        1347 
  205        1272 
  206        1334 
  207        1341 
  208        1328 
  209        1304 
  210        1309 
  211        1305 
  212        1293 
  213        1321 
  214        1299 
  215        1318 
  216        1290 
  217        1327 
  218        1329 
  219        1228 
  220        1319 
  221        1338 
  222        1282 
  223        1325 
  224        1340 
  225        1245 
  226        1335 
  227        1312 
  228        1255 
  229        1305 
  230        1300 
  231        1278 
  232        1272 
  233        1318 
  234        1277 
  235        1324 
  236        1260 
  237        1299 
  238        1278 
  239        1278 
  240        1401 
  241        1304 
  242        1317 
  243        1284 
  244        1294 
  245        1275 
  246        1330 
  247        1238 
  248        1216 
  249        1267 
  250        1268 
  251        1271 
  252        1215 
  253        1267 
  254        1230 
  255        1308 
  256        1267 
  257        1161 
  258        1169 
  259        1189 
  260        1143 
  261        1181 
  262        1099 
  263        1081 
  264        1117 
  265        1051 
  266        1101 
  267        1173 
  268        1210 
  269        1222 
  270        1299 
  271        1251 
  272        1316 
  273        1271 
  274        1302 
  275        1312 
  276        1282 
  277        1296 
  278        1351 
  279        1283 
  280        1320 
  281        1205 
  282        1277 
  283        1265 
  284        1272 
  285        1291 
  286        1242 
  287        1331 
  288        1263 
  289        1267 
  290        1305 
  291        1294 
  292        1254 
  293        1324 
  294        1269 
  295        1330 
  296        1299 
  297        1343 
  298        1213 
  299        1307 
  300        1273 
  301        1301 
  302        1238 
  303        1310 
  304        1291 
  305        1281 
  306        1213 
  307        1287 
  308        1289 
  309        1285 
  310        1238 
  311        1312 
  312        1349 
  313        1309 
  314        1370 
  315        1370 
  316        1309 
  317        1269 
  318        1285 
  319        1240 
  320        1281 
  321        1288 
  322        1253 
  323        1293 
  324        1299 
  325        1251 
  326        1384 
  327        1342 
  328        1315 
  329        1297 
  330        1227 
  331        1267 
  332        1286 
  333        1287 
  334        1224 
  335        1374 
  336        1229 
  337        1278 
  338        1296 
  339        1244 
  340        1298 
  341        1241 
  342        1253 
  343        1294 
  344        1260 
  345        1355 
  346        1362 
  347        1292 
  348        1355 
  349        1267 
  350        1238 
  351        1280 
  352        1348 
  353        1231 
  354        1284 
  355        1325 
  356        1344 
  357        1326 
  358        1267 
  359        1334 
  360        1240 
  361        1266 
  362        1399 
  363        1303 
  364        1266 
  365        1275 
  366        1298 
  367        1320 
  368        1194 
  369        1303 
  370        1277 
  371        1307 
  372        1256 
  373        1289 
  374        1285 
  375        1331 
  376        1311 
  377        1308 
  378        1225 
  379        1288 
  380        1370 
  381        1279 
  382        1329 
  383        1286 
  384        1348 
  385        1320 
  386        1299 
  387        1280 
  388        1276 
  389        1305 
  390        1273 
  391        1259 
  392        1242 
  393        1325 
  394        1287 
  395        1337 
  396        1265 
  397        1337 
  398        1307 
  399        1288 
  400        1302 
  401        1311 
  402        1289 
  403        1261 
  404        1294 
  405        1315 
  406        1320 
  407        1304 
  408        1287 
  409        1278 
  410        1418 
  411        1268 
  412        1358 
  413        1277 
  414        1333 
  415        1290 
  416        1296 
  417        1305 
  418        1258 
  419        1326 
  420        1270 
  421        1304 
  422        1266 
  423        1268 
  424        1364 
  425        1274 
  426        1332 
  427        1223 
  428        1331 
  429        1339 
  430        1263 
  431        1305 
  432        1302 
  433        1253 
  434        1283 
  435        1372 
  436        1336 
  437        1312 
  438        1261 
  439        1256 
  440        1284 
  441        1243 
  442        1264 
  443        1288 
  444        1383 
  445        1329 
  446        1237 
  447        1270 
  448        1316 
  449        1250 
  450        1291 
  451        1304 
  452        1244 
  453        1290 
  454        1283 
  455        1340 
  456        1283 
  457        1293 
  458        1240 
  459        1280 
  460        1229 
  461        1280 
  462        1300 
  463        1357 
  464        1327 
  465        1310 
  466        1271 
  467        1221 
  468        1311 
  469        1264 
  470        1374 
  471        1337 
  472        1356 
  473        1296 
  474        1328 
  475        1231 
  476        1290 
  477        1277 
  478        1243 
  479        1293 
  480        1242 
  481        1351 
  482        1305 
  483        1287 
  484        1397 
  485        1286 
  486        1336 
  487        1332 
  488        1344 
  489        1304 
  490        1303 
  491        1330 
  492        1270 
  493        1296 
  494        1329 
  495        1327 
  496        1351 
  497        1306 
  498        1306 
  499        1334 
  500        1247 
  501        1279 
  502        1276 
  503        1293 
  504        1290 
  505        1259 
  506        1257 
  507        1349 
  508        1269 
  509        1373 
  510        1279 
  511        1346 
  512        1280 
  513        1319 
  514        1300 
  515        1309 
  516        1308 
  517        1303 
  518        1287 
  519        1315 
  520        1256 
  521        1294 
  522        1293 
  523        1312 
  524        1336 
  525        1246 
  526        1359 
  527        1296 
  528        1302 
  529        1239 
  530        1315 
  531        1339 
  532        1327 
  533        1279 
  534        1300 
  535        1259 
  536        1287 
  537        1314 
  538        1288 
  539        1326 
  540        1323 
  541        1295 
  542        1348 
  543        1233 
  544        1246 
  545        1326 
  546        1338 
  547        1272 
  548        1245 
  549        1225 
  550        1297 
  551        1310 
  552        1263 
  553        1281 
  554        1226 
  555        1251 
  556        1311 
  557        1232 
  558        1246 
  559        1326 
  560        1295 
  561        1315 
  562        1317 
  563        1254 
  564        1305 
  565        1258 
  566        1253 
  567        1294 
  568        1244 
  569        1332 
  570        1265 
  571        1217 
  572        1362 
  573        1306 
  574        1244 
  575        1287 
  576        1289 
  577        1285 
  578        1299 
  579        1363 
  580        1308 
  581        1260 
  582        1280 
  583        1279 
  584        1260 
  585        1309 
  586        1345 
  587        1276 
  588        1318 
  589        1260 
  590        1335 
  591        1323 
  592        1285 
  593        1261 
  594        1296 
  595        1311 
  596        1328 
  597        1306 
  598        1274 
  599        1259 
  600        1268 
  601        1307 
  602        1337 
  603        1289 
  604        1277 
  605        1291 
  606        1281 
  607        1271 
  608        1307 
  609        1354 
  610        1313 
  611        1356 
  612        1297 
  613        1270 
  614        1274 
  615        1326 
  616        1271 
  617        1251 
  618        1366 
  619        1265 
  620        1335 
  621        1270 
  622        1301 
  623        1311 
  624        1337 
  625        1261 
  626        1275 
  627        1270 
  628        1308 
  629        1301 
  630        1341 
  631        1290 
  632        1232 
  633        1280 
  634        1332 
  635        1228 
  636        1260 
  637        1303 
  638        1301 
  639        1284 
  640        1313 
  641        1288 
  642        1280 
  643        1316 
  644        1254 
  645        1306 
  646        1244 
  647        1241 
  648        1257 
  649        1279 
  650        1346 
  651        1286 
  652        1246 
  653        1267 
  654        1306 
  655        1288 
  656        1278 
  657        1279 
  658        1315 
  659        1247 
  660        1319 
  661        1336 
  662        1303 
  663        1283 
  664        1254 
  665        1273 
  666        1289 
  667        1235 
  668        1262 
  669        1279 
  670        1291 
  671        1313 
  672        1270 
  673        1258 
  674        1306 
  675        1354 
  676        1291 
  677        1347 
  678        1309 
  679        1332 
  680        1352 
  681        1270 
  682        1219 
  683        1272 
  684        1275 
  685        1286 
  686        1202 
  687        1277 
  688        1358 
  689        1175 
  690        1334 
  691        1227 
  692        1308 
  693        1251 
  694        1293 
  695        1232 
  696        1319 
  697        1374 
  698        1292 
  699        1294 
  700        1229 
  701        1285 
  702        1304 
  703        1359 
  704        1299 
  705        1295 
  706        1313 
  707        1193 
  708        1296 
  709        1279 
  710        1262 
  711        1189 
  712        1253 
  713        1305 
  714        1293 
  715        1289 
  716        1289 
  717        1341 
  718        1261 
  719        1300 
  720        1302 
  721        1352 
  722        1283 
  723        1307 
  724        1337 
  725        1210 
  726        1270 
  727        1251 
  728        1271 
  729        1298 
  730        1265 
  731        1323 
  732        1284 
  733        1297 
  734        1339 
  735        1246 
  736        1301 
  737        1306 
  738        1237 
  739        1354 
  740        1233 
  741        1289 
  742        1255 
  743        1260 
  744        1288 
  745        1305 
  746        1280 
  747        1261 
  748        1238 
  749        1331 
  750        1258 
  751        1337 
  752        1253 
  753        1312 
  754        1267 
  755        1271 
  756        1304 
  757        1226 
  758        1197 
  759        1222 
  760        1241 
  761        1111 
  762        1117 
  763        1072 
  764        1076 
  765        1103 
  766        1055 
  767        1109 
  768        1105 
  769        1193 
  770        1190 
  771        1161 
  772        1225 
  773        1279 
  774        1318 
  775        1246 
  776        1216 
  777        1258 
  778        1316 
  779        1329 
  780        1342 
  781        1222 
  782        1246 
  783        1294 
  784        1345 
  785        1304 
  786        1297 
  787        1302 
  788        1297 
  789        1280 
  790        1240 
  791        1261 
  792        1286 
  793        1289 
  794        1245 
  795        1292 
  796        1308 
  797        1378 
  798        1268 
  799        1288 
  800        1276 
  801        1323 
  802        1284 
  803        1302 
  804        1275 
  805        1321 
  806        1322 
  807        1316 
  808        1203 
  809        1261 
  810        1346 
  811        1338 
  812        1272 
  813        1203 
  814        1160 
  815        1267 
  816        1270 
  817        1311 
  818        1295 
  819        1275 
  820        1321 
  821        1289 
  822        1312 
  823        1332 
  824        1217 
  825        1255 
  826        1246 
  827        1314 
  828        1254 
  829        1235 
  830        1332 
  831        1328 
  832        1295 
  833        1246 
  834        1273 
  835        1291 
  836        1378 
  837        1262 
  838        1308 
  839        1278 
  840        1293 
  841        1295 
  842        1366 
  843        1313 
  844        1307 
  845        1273 
  846        1255 
  847        1281 
  848        1326 
  849        1266 
  850        1316 
  851        1195 
  852        1262 
  853        1357 
  854        1272 
  855        1314 
  856        1268 
  857        1277 
  858        1237 
  859        1264 
  860        1285 
  861        1276 
  862        1236 
  863        1301 
  864        1343 
  865        1265 
  866        1304 
  867        1280 
  868        1286 
  869        1326 
  870        1291 
  871        1285 
  872        1246 
  873        1268 
  874        1340 
  875        1280 
  876        1258 
  877        1320 
  878        1269 
  879        1321 
  880        1268 
  881        1293 
  882        1272 
  883        1345 
  884        1348 
  885        1277 
  886        1323 
  887        1307 
  888        1216 
  889        1287 
  890        1299 
  891        1267 
  892        1227 
  893        1231 
  894        1316 
  895        1352 
  896        1342 
  897        1304 
  898        1270 
  899        1279 
  900        1290 
  901        1324 
  902        1264 
  903        1236 
  904        1343 
  905        1312 
  906        1300 
  907        1278 
  908        1286 
  909        1285 
  910        1319 
  911        1310 
  912        1301 
  913        1322 
  914        1283 
  915        1355 
  916        1299 
  917        1294 
  918        1285 
  919        1355 
  920        1330 
  921        1274 
  922        1295 
  923        1342 
  924        1273 
  925        1285 
  926        1296 
  927        1302 
  928        1262 
  929        1322 
  930        1310 
  931        1298 
  932        1339 
  933        1320 
  934        1286 
  935        1335 
  936        1321 
  937        1288 
  938        1359 
  939        1321 
  940        1313 
  941        1328 
  942        1262 
  943        1314 
  944        1321 
  945        1297 
  946        1381 
  947        1335 
  948        1272 
  949        1388 
  950        1304 
  951        1334 
  952        1295 
  953        1211 
  954        1303 
  955        1296 
  956        1274 
  957        1346 
  958        1337 
  959        1342 
  960        1267 
  961        1278 
  962        1344 
  963        1268 
  964        1252 
  965        1316 
  966        1278 
  967        1278 
  968        1291 
  969        1379 
  970        1261 
  971        1309 
  972        1323 
  973        1351 
  974        1249 
  975        1293 
  976        1339 
  977        1319 
  978        1195 
  979        1353 
  980        1357 
  981        1281 
  982        1283 
  983        1350 
  984        1304 
  985        1289 
  986        1252 
  987        1308 
  988        1297 
  989        1339 
  990        1307 
  991        1366 
  992        1315 
  993        1305 
  994        1301 
  995        1317 
  996        1277 
  997        1286 
  998        1263 
  999        1226 
 1000        1223 
 1001        1290 
 1002        1336 
 1003        1324 
 1004        1266 
 1005        1322 
 1006        1275 
 1007        1308 
 1008        1288 
 1009        1312 
 1010        1242 
 1011        1253 
 1012        1325 
 1013        1344 
 1014        1290 
 1015        1310 
 1016        1256 
 1017        1299 
 1018        1320 
 1019        1212 
 1020        1300 
 1021        1306 
 1022        1297 
 1023        1339 
 1024        1305 
