    1       27060 
    2       27026 
    3       10448 
    4       10444 
    5       10450 
    6       10450 
    7       10421 
    8       10375 
    9       10295 
   10       10218 
   11       10054 
   12        9982 
   13        9888 
   14        9798 
   15        9685 
   16        9635 
   17        9588 
   18        9542 
   19        9517 
   20        9487 
   21        9468 
   22        9512 
   23        9509 
   24        9489 
   25        9507 
   26        9509 
   27        9453 
   28        9431 
   29        9382 
   30        9312 
   31        9258 
   32        9190 
   33        9152 
   34        9101 
   35        8988 
   36        8926 
   37        8864 
   38        8832 
   39        8775 
   40        8712 
   41        8676 
   42        8683 
   43        8666 
   44        8651 
   45        8628 
   46        8602 
   47        8582 
   48        8564 
   49        8547 
   50        8506 
   51        8444 
   52        8410 
   53        8329 
   54        8297 
   55        8221 
   56        8165 
   57        8122 
   58        8065 
   59        8020 
   60        7973 
   61        7925 
   62        7894 
   63        7871 
   64        7834 
   65        7807 
   66        7775 
   67        7746 
   68        7705 
   69        7687 
   70        7668 
   71        7606 
   72        7571 
   73        7545 
   74        7472 
   75        7440 
   76        7383 
   77        7282 
   78        7254 
   79        7220 
   80        7133 
   81        7147 
   82        7108 
   83        7074 
   84        7002 
   85        6966 
   86        6957 
   87        6926 
   88        6881 
   89        6866 
   90        6848 
   91        6790 
   92        6760 
   93        6691 
   94        6661 
   95        6591 
   96        6554 
   97        6544 
   98        6500 
   99        6452 
  100        6390 
  101        6364 
  102        6286 
  103        6263 
  104        6217 
  105        6184 
  106        6163 
  107        6102 
  108        6104 
  109        6032 
  110        5972 
  111        5946 
  112        5932 
  113        5885 
  114        5832 
  115        5820 
  116        5778 
  117        5736 
  118        5687 
  119        5636 
  120        5578 
  121        5554 
  122        5499 
  123        5465 
  124        5428 
  125        5375 
  126        5343 
  127        5312 
  128        5273 
  129        5233 
  130        5216 
  131        5163 
  132        5135 
  133        5090 
  134        5041 
  135        4984 
  136        4963 
  137        4910 
  138        4869 
  139        4814 
  140        4801 
  141        4733 
  142        4700 
  143        4670 
  144        4617 
  145        4578 
  146        4559 
  147        4500 
  148        4456 
  149        4418 
  150        4389 
  151        4337 
  152        4295 
  153        4270 
  154        4222 
  155        4184 
  156        4132 
  157        4105 
  158        4075 
  159        4015 
  160        3997 
  161        3967 
  162        3917 
  163        3838 
  164        3822 
  165        3775 
  166        3739 
  167        3688 
  168        3649 
  169        3633 
  170        3565 
  171        3551 
  172        3482 
  173        3463 
  174        3427 
  175        3372 
  176        3340 
  177        3326 
  178        3274 
  179        3209 
  180        3167 
  181        3123 
  182        3079 
  183        3051 
  184        3004 
  185        2970 
  186        2920 
  187        2912 
  188        2855 
  189        2802 
  190        2764 
  191        2750 
  192        2687 
  193        2661 
  194        2616 
  195        2578 
  196        2537 
  197        2492 
  198        2443 
  199        2421 
  200        2370 
  201        2327 
  202        2285 
  203        2246 
  204        2200 
  205        2179 
  206        2113 
  207        2086 
  208        2065 
  209        2001 
  210        1985 
  211        1913 
  212        1884 
  213        1844 
  214        1809 
  215        1754 
  216        1740 
  217        1673 
  218        1649 
  219        1620 
  220        1534 
  221        1524 
  222        1475 
  223        1449 
  224        1402 
  225        1337 
  226        1334 
  227        1276 
  228        1263 
  229        1193 
  230        1151 
  231        1112 
  232        1096 
  233        1024 
  234        1003 
  235         969 
  236         916 
  237         893 
  238         827 
  239         784 
  240         751 
  241         737 
  242         674 
  243         620 
  244         612 
  245         563 
  246         520 
  247         460 
  248         438 
  249         400 
  250         335 
  251         315 
  252         282 
  253         212 
  254         205 
  255         142 
  256         110 
  257          74 
  258          42 
  259           3 
  260           0 
  261          87 
  262         136 
  263         182 
  264         192 
  265         279 
  266         297 
  267         332 
  268         388 
  269         455 
  270         440 
  271         525 
  272         545 
  273         595 
  274         641 
  275         651 
  276         762 
  277         720 
  278         780 
  279         842 
  280         882 
  281         933 
  282         966 
  283        1001 
  284        1025 
  285        1093 
  286        1129 
  287        1164 
  288        1226 
  289        1260 
  290        1288 
  291        1338 
  292        1367 
  293        1428 
  294        1465 
  295        1487 
  296        1542 
  297        1577 
  298        1623 
  299        1661 
  300        1688 
  301        1754 
  302        1763 
  303        1827 
  304        1870 
  305        1891 
  306        1959 
  307        1991 
  308        2027 
  309        2083 
  310        2098 
  311        2165 
  312        2190 
  313        2208 
  314        2300 
  315        2325 
  316        2379 
  317        2385 
  318        2457 
  319        2501 
  320        2531 
  321        2567 
  322        2583 
  323        2651 
  324        2692 
  325        2723 
  326        2797 
  327        2798 
  328        2845 
  329        2892 
  330        2963 
  331        2971 
  332        3005 
  333        3060 
  334        3103 
  335        3149 
  336        3178 
  337        3214 
  338        3264 
  339        3298 
  340        3367 
  341        3395 
  342        3431 
  343        3473 
  344        3523 
  345        3537 
  346        3606 
  347        3644 
  348        3672 
  349        3702 
  350        3781 
  351        3783 
  352        3836 
  353        3896 
  354        3909 
  355        3945 
  356        4002 
  357        4037 
  358        4116 
  359        4138 
  360        4181 
  361        4200 
  362        4230 
  363        4288 
  364        4346 
  365        4376 
  366        4420 
  367        4472 
  368        4510 
  369        4522 
  370        4577 
  371        4613 
  372        4651 
  373        4699 
  374        4734 
  375        4787 
  376        4846 
  377        4849 
  378        4886 
  379        4945 
  380        5014 
  381        5029 
  382        5072 
  383        5120 
  384        5152 
  385        5174 
  386        5207 
  387        5265 
  388        5333 
  389        5366 
  390        5395 
  391        5453 
  392        5478 
  393        5529 
  394        5467 
  395        5609 
  396        5635 
  397        5703 
  398        5736 
  399        5775 
  400        5807 
  401        5867 
  402        5870 
  403        5920 
  404        5990 
  405        6030 
  406        6037 
  407        6088 
  408        6153 
  409        6162 
  410        6224 
  411        6251 
  412        6322 
  413        6352 
  414        6399 
  415        6438 
  416        6462 
  417        6496 
  418        6550 
  419        6591 
  420        6632 
  421        6694 
  422        6723 
  423        6746 
  424        6808 
  425        6838 
  426        6863 
  427        6901 
  428        6970 
  429        7016 
  430        7043 
  431        7072 
  432        7093 
  433        7158 
  434        7210 
  435        7233 
  436        7298 
  437        7321 
  438        7363 
  439        7418 
  440        7480 
  441        7491 
  442        7506 
  443        7585 
  444        7611 
  445        7658 
  446        7705 
  447        7749 
  448        7780 
  449        7808 
  450        7835 
  451        7871 
  452        7966 
  453        8028 
  454        8257 
  455        8075 
  456        8123 
  457        8149 
  458        8187 
  459        8223 
  460        8287 
  461        8304 
  462        8334 
  463        8402 
  464        8459 
  465        8505 
  466        8506 
  467        8563 
  468        8620 
  469        8641 
  470        8685 
  471        8738 
  472        8771 
  473        8802 
  474        8855 
  475        8909 
  476        8943 
  477        8935 
  478        9035 
  479        9062 
  480        9074 
  481        9109 
  482        9175 
  483        9221 
  484        9270 
  485        9294 
  486        9330 
  487        9400 
  488        9434 
  489        9468 
  490        9493 
  491        9537 
  492        9598 
  493        9622 
  494        9678 
  495        9706 
  496        9755 
  497        9774 
  498        9827 
  499        9868 
  500        9942 
  501        9947 
  502        9976 
  503       10062 
  504       10086 
  505       10106 
  506       10164 
  507       10217 
  508       10263 
  509       10278 
  510       10313 
  511       10368 
  512       10416 
  513       10381 
  514       10511 
  515       10558 
  516       10579 
  517       10552 
  518       10550 
  519       10504 
  520       10459 
  521       10407 
  522       10310 
  523       10191 
  524       10072 
  525        9973 
  526        9869 
  527        9797 
  528        9703 
  529        9652 
  530        9643 
  531        9615 
  532        9582 
  533        9567 
  534        9571 
  535        9585 
  536        9583 
  537        9580 
  538        9570 
  539        9530 
  540        9515 
  541        9462 
  542        9418 
  543        9366 
  544        9307 
  545        9237 
  546        9194 
  547        9098 
  548        8996 
  549        8942 
  550        8869 
  551        8832 
  552        8799 
  553        8792 
  554        8772 
  555        8731 
  556        8675 
  557        8695 
  558        8709 
  559        8645 
  560        8638 
  561        8621 
  562        8557 
  563        8516 
  564        8463 
  565        8376 
  566        8330 
  567        8247 
  568        8202 
  569        8150 
  570        8092 
  571        8113 
  572        8024 
  573        7983 
  574        7935 
  575        7946 
  576        7863 
  577        7875 
  578        7851 
  579        7810 
  580        7777 
  581        7728 
  582        7700 
  583        7675 
  584        7610 
  585        7579 
  586        7526 
  587        7475 
  588        7423 
  589        7377 
  590        7311 
  591        7271 
  592        7234 
  593        7184 
  594        7173 
  595        7121 
  596        7037 
  597        7003 
  598        6991 
  599        6992 
  600        6925 
  601        6890 
  602        6874 
  603        6816 
  604        6794 
  605        6719 
  606        6707 
  607        6650 
  608        6595 
  609        6554 
  610        6523 
  611        6462 
  612        6431 
  613        6355 
  614        6320 
  615        6312 
  616        6251 
  617        6227 
  618        6198 
  619        6148 
  620        6090 
  621        6038 
  622        5990 
  623        5997 
  624        5963 
  625        5868 
  626        5894 
  627        5823 
  628        5747 
  629        5747 
  630        5664 
  631        5672 
  632        5598 
  633        5557 
  634        5539 
  635        5457 
  636        5427 
  637        5379 
  638        5347 
  639        5307 
  640        5269 
  641        5232 
  642        5212 
  643        5161 
  644        5112 
  645        5056 
  646        5014 
  647        4981 
  648        4962 
  649        4932 
  650        4849 
  651        4803 
  652        4784 
  653        4724 
  654        4705 
  655        4649 
  656        4641 
  657        4554 
  658        4533 
  659        4497 
  660        4437 
  661        4397 
  662        4381 
  663        4340 
  664        4284 
  665        4246 
  666        4206 
  667        4168 
  668        4143 
  669        4073 
  670        4053 
  671        4001 
  672        3965 
  673        3904 
  674        3889 
  675        3842 
  676        3788 
  677        3741 
  678        3713 
  679        3637 
  680        3666 
  681        3561 
  682        3547 
  683        3527 
  684        3453 
  685        3438 
  686        3406 
  687        3328 
  688        3298 
  689        3286 
  690        3204 
  691        3191 
  692        3114 
  693        3085 
  694        3040 
  695        2997 
  696        2990 
  697        2946 
  698        2889 
  699        2847 
  700        2779 
  701        2787 
  702        2718 
  703        2673 
  704        2643 
  705        2599 
  706        2563 
  707        2516 
  708        2461 
  709        2448 
  710        2374 
  711        2358 
  712        2346 
  713        2263 
  714        2245 
  715        2168 
  716        2162 
  717        2087 
  718        2082 
  719        2046 
  720        1970 
  721        1947 
  722        1903 
  723        1857 
  724        1826 
  725        1785 
  726        1756 
  727        1689 
  728        1651 
  729        1586 
  730        1591 
  731        1524 
  732        1482 
  733        1438 
  734        1443 
  735        1349 
  736        1322 
  737        1273 
  738        1273 
  739        1186 
  740        1150 
  741        1134 
  742        1069 
  743        1063 
  744         987 
  745         962 
  746         921 
  747         877 
  748         839 
  749         766 
  750         767 
  751         708 
  752         656 
  753         654 
  754         571 
  755         558 
  756         507 
  757         459 
  758         411 
  759         386 
  760         341 
  761         288 
  762         276 
  763         204 
  764         170 
  765         117 
  766          81 
  767          67 
  768          12 
  769           0 
  770          40 
  771         100 
  772         163 
  773         207 
  774         247 
  775         285 
  776         313 
  777         398 
  778         396 
  779         491 
  780         470 
  781         563 
  782         540 
  783         638 
  784         609 
  785         697 
  786         737 
  787         750 
  788         788 
  789         840 
  790         880 
  791         940 
  792         974 
  793        1006 
  794        1052 
  795        1098 
  796        1126 
  797        1176 
  798        1218 
  799        1279 
  800        1295 
  801        1342 
  802        1360 
  803        1424 
  804        1446 
  805        1498 
  806        1526 
  807        1560 
  808        1616 
  809        1683 
  810        1654 
  811        1753 
  812        1793 
  813        1775 
  814        1855 
  815        1911 
  816        1952 
  817        1992 
  818        2020 
  819        2051 
  820        2110 
  821        2130 
  822        2182 
  823        2195 
  824        2268 
  825        2316 
  826        2353 
  827        2367 
  828        2419 
  829        2494 
  830        2485 
  831        2564 
  832        2554 
  833        2632 
  834        2627 
  835        2739 
  836        2724 
  837        2785 
  838        2852 
  839        2846 
  840        2858 
  841        2947 
  842        3000 
  843        3021 
  844        3079 
  845        3117 
  846        3134 
  847        3208 
  848        3220 
  849        3272 
  850        3288 
  851        3326 
  852        3399 
  853        3402 
  854        3485 
  855        3513 
  856        3534 
  857        3593 
  858        3623 
  859        3695 
  860        3711 
  861        3735 
  862        3835 
  863        3780 
  864        3841 
  865        3918 
  866        3987 
  867        3984 
  868        4015 
  869        4048 
  870        4106 
  871        4146 
  872        4179 
  873        4219 
  874        4261 
  875        4322 
  876        4360 
  877        4393 
  878        4434 
  879        4469 
  880        4507 
  881        4560 
  882        4583 
  883        4642 
  884        4703 
  885        4713 
  886        4744 
  887        4830 
  888        4803 
  889        4893 
  890        4935 
  891        4964 
  892        4990 
  893        5013 
  894        5071 
  895        5125 
  896        5182 
  897        5215 
  898        5250 
  899        5275 
  900        5322 
  901        5361 
  902        5400 
  903        5445 
  904        5489 
  905        5528 
  906        5548 
  907        5562 
  908        5676 
  909        5648 
  910        5732 
  911        5737 
  912        5825 
  913        5834 
  914        5856 
  915        5953 
  916        5976 
  917        5977 
  918        6020 
  919        6104 
  920        6156 
  921        6184 
  922        6220 
  923        6248 
  924        6300 
  925        6339 
  926        6365 
  927        6412 
  928        6413 
  929        6485 
  930        6523 
  931        6568 
  932        6604 
  933        6644 
  934        6724 
  935        6702 
  936        6803 
  937        6763 
  938        6869 
  939        6913 
  940        6925 
  941        6989 
  942        7043 
  943        7032 
  944        7054 
  945        7119 
  946        7193 
  947        7216 
  948        7279 
  949        7277 
  950        7354 
  951        7389 
  952        7419 
  953        7439 
  954        7484 
  955        7568 
  956        7588 
  957        7634 
  958        7634 
  959        7711 
  960        7739 
  961        7759 
  962        7777 
  963        7852 
  964        7888 
  965        7969 
  966        7943 
  967        8009 
  968        8080 
  969        8131 
  970        8134 
  971        8158 
  972        8187 
  973        8229 
  974        8277 
  975        8331 
  976        8370 
  977        8367 
  978        8458 
  979        8499 
  980        8543 
  981        8580 
  982        8613 
  983        8668 
  984        8714 
  985        8747 
  986        8746 
  987        8830 
  988        8865 
  989        8907 
  990        8959 
  991        8969 
  992        9062 
  993        9047 
  994        9065 
  995        9103 
  996        9220 
  997        9238 
  998        9264 
  999        9316 
 1000        9367 
 1001        9409 
 1002        9420 
 1003        9484 
 1004        9518 
 1005        9531 
 1006        9581 
 1007        9634 
 1008        9665 
 1009        9701 
 1010        9746 
 1011        9799 
 1012        9831 
 1013        9853 
 1014        9893 
 1015        9968 
 1016       10007 
 1017       10033 
 1018       10049 
 1019       10093 
 1020       10179 
 1021       10208 
 1022       10230 
 1023       10261 
 1024       10319 
