# Oscilloscope file ./20160704_115354.bin
# Channel 2
Time / s;Voltage / V
0;-0.002
0.5;0
1;0.002
1.5;0.002
2;0
2.5;0.002
3;0.002
3.5;0.002
4;-0.002
4.5;0
5;0
5.5;0.002
6;-0.002
6.5;0.002
7;0.002
7.5;0.002
8;0
8.5;0
9;0.002
9.5;0.002
10;-0.002
10.5;-0.002
11;0
11.5;0.002
12;0
12.5;0.002
13;0
13.5;0.002
14;0
14.5;0.002
15;0
15.5;0.002
16;0
16.5;0.002
17;0
17.5;0.002
18;0
18.5;0.002
19;-0.002
19.5;0.002
20;-0.002
20.5;0
21;0
21.5;0.002
22;0
22.5;0.002
23;0.002
23.5;0.004
24;0
24.5;0
25;0.002
25.5;0.004
26;0
26.5;0.002
27;0.002
27.5;0.004
28;0.002
28.5;0.004
29;0.002
29.5;0.09
30;0.002
30.5;0.088
31;0.088
31.5;0.09
32;0.088
32.5;0.088
33;0.09
33.5;0.09
34;0.086
34.5;0.088
35;0.088
35.5;0.09
36;0.088
36.5;0.088
37;0.088
37.5;0.09
38;0.086
38.5;0.088
39;0.088
39.5;0.088
40;0.086
40.5;0.086
41;0.086
41.5;0.088
42;0.086
42.5;0.088
43;0.088
43.5;0.088
44;0.086
44.5;0.088
45;0.086
45.5;0.088
46;0.086
46.5;0.088
47;0.086
47.5;0.09
48;0.086
48.5;0.09
49;0.088
49.5;0.088
50;0.086
50.5;0.086
51;0.088
51.5;0.088
52;0.086
52.5;0.088
53;0.086
53.5;0.088
54;0.086
54.5;0.088
55;0.088
55.5;0.088
56;0.086
56.5;0.088
57;0.088
57.5;0.09
58;0.088
58.5;0.09
59;0.088
59.5;0.09
60;0.088
60.5;0.088
61;0.088
61.5;0.092
62;0.086
62.5;0.092
63;0.09
63.5;0.092
64;0.088
64.5;0.09
65;0.088
65.5;0.092
66;0.088
66.5;0.088
67;0.09
67.5;0.09
68;0.088
68.5;0.09
69;0.09
69.5;0.092
70;0.088
70.5;0.09
71;0.088
71.5;0.09
72;0.088
72.5;0.09
73;0.088
73.5;0.09
74;0.088
74.5;0.09
75;0.09
75.5;0.09
76;0.088
76.5;0.09
77;0.09
77.5;0.09
78;0.088
78.5;0.088
79;0.088
79.5;0.09
80;0.088
80.5;0.09
81;0.09
81.5;0.09
82;0.086
82.5;0.088
83;0.088
83.5;0.09
84;0.086
84.5;0.086
85;0.088
85.5;0.09
86;0.086
86.5;0.088
87;0.088
87.5;0.092
88;0.086
88.5;0.086
89;0.088
89.5;0.088
90;0.086
90.5;0.088
91;0.09
91.5;0.09
92;0.086
92.5;0.088
93;0.088
93.5;0.09
94;0.086
94.5;0.09
95;0.088
95.5;0.09
96;0.088
96.5;0.088
97;0.088
97.5;0.088
98;0.086
98.5;0.088
99;0.09
99.5;0.09
100;0.086
100.5;0.088
101;0.088
101.5;0.09
102;0.088
102.5;0.09
103;0.088
103.5;0.09
104;0.086
104.5;0.086
105;0.086
105.5;0.09
106;0.086
106.5;0.088
107;0.088
107.5;0.09
108;0.086
108.5;0.088
109;0.088
109.5;0.088
110;0.086
110.5;0.088
111;0.09
111.5;0.09
112;0.086
112.5;0.088
113;0.088
113.5;0.088
114;0.086
114.5;0.086
115;0.086
115.5;0.088
116;0.084
116.5;0.086
117;0.086
117.5;0.088
118;0.084
118.5;0.084
119;0.086
119.5;0.088
120;0.084
120.5;0.086
121;0.086
121.5;0.086
122;0.084
122.5;0.086
123;0.086
123.5;0.086
124;0.084
124.5;0.086
125;0.088
125.5;0.088
126;0.084
126.5;0.086
127;0.088
127.5;0.088
128;0.084
128.5;0.086
129;0.086
129.5;0.088
130;0.084
130.5;0.088
131;0.086
131.5;0.088
132;0.086
132.5;0.086
133;0.09
133.5;0.09
134;0.084
134.5;0.086
135;0.088
135.5;0.088
136;0.084
136.5;0.086
137;0.086
137.5;0.088
138;0.084
138.5;0.086
139;0.086
139.5;0.088
140;0.084
140.5;0.088
141;0.084
141.5;0.086
142;0.084
142.5;0.084
143;0.084
143.5;0.084
144;0.082
144.5;0.084
145;0.084
145.5;0.086
146;0.084
146.5;0.084
147;0.084
147.5;0.086
148;0.082
148.5;0.086
149;0.084
149.5;0.086
150;0.082
150.5;0.084
151;0.084
151.5;0.084
152;0.084
152.5;0.084
153;0.084
153.5;0.084
154;0.082
154.5;0.084
155;0.084
155.5;0.086
156;0.082
156.5;0.082
157;0.082
157.5;0.084
158;0.082
158.5;0.082
159;0.084
159.5;0.086
160;0.082
160.5;0.084
161;0.084
161.5;0.084
162;0.082
162.5;0.082
163;0.084
163.5;0.084
164;0.08
164.5;0.082
165;0.084
165.5;0.084
166;0.082
166.5;0.082
167;0.084
167.5;0.086
168;0.082
168.5;0.082
169;0.084
169.5;0.086
170;0.08
170.5;0.082
171;0.084
171.5;0.086
172;0.08
172.5;0.084
173;0.084
173.5;0.086
174;0.08
174.5;0.082
175;0.082
175.5;0.084
176;0.082
176.5;0.082
177;0.084
177.5;0.084
178;0.08
178.5;0.082
179;0.084
179.5;0.084
180;0.08
180.5;0.082
181;0.084
181.5;0.084
182;0.08
182.5;0.084
183;0.082
183.5;0.084
184;0.082
184.5;0.082
185;0.082
185.5;0.084
186;0.082
186.5;0.084
187;0.082
187.5;0.084
188;0.082
188.5;0.082
189;0.084
189.5;0.084
190;0.082
190.5;0.084
191;0.084
191.5;0.084
192;0.082
192.5;0.084
193;0.084
193.5;0.084
194;0.082
194.5;0.082
195;0.086
195.5;0.086
196;0.082
196.5;0.084
197;0.084
197.5;0.084
198;0.082
198.5;0.084
199;0.082
199.5;0.084
200;0.082
200.5;0.084
201;0.082
201.5;0.084
202;0.082
202.5;0.082
203;0.082
203.5;0.084
204;0.082
204.5;0.082
205;0.084
205.5;0.084
206;0.08
206.5;0.082
207;0.082
207.5;0.082
208;0.08
208.5;0.082
209;0.082
209.5;0.084
210;0.08
210.5;0.082
211;0.08
211.5;0.082
212;0.08
212.5;0.082
213;0.082
213.5;0.084
214;0.08
214.5;0.08
215;0.08
215.5;0.082
216;0.08
216.5;0.082
217;0.08
217.5;0.082
218;0.078
218.5;0.078
219;0.08
219.5;0.082
220;0.078
220.5;0.08
221;0.082
221.5;0.082
222;0.078
222.5;0.08
223;0.08
223.5;0.082
224;0.078
224.5;0.078
225;0.08
225.5;0.082
226;0.078
226.5;0.082
227;0.082
227.5;0.082
228;0.078
228.5;0.082
229;0.082
229.5;0.082
230;0.078
230.5;0.082
231;0.082
231.5;0.084
232;0.08
232.5;0.082
233;0.08
233.5;0.084
234;0.08
234.5;0.084
235;0.084
235.5;0.086
236;0.084
236.5;0.084
237;0.084
237.5;0.088
238;0.084
238.5;0.086
239;0.086
239.5;0.088
240;0.086
240.5;0.088
241;0.086
241.5;0.09
242;0.086
242.5;0.09
243;0.09
243.5;0.09
244;0.086
244.5;0.09
245;0.088
245.5;0.092
246;0.088
246.5;0.09
247;0.09
247.5;0.092
248;0.086
248.5;0.092
249;0.09
249.5;0.092
250;0.09
250.5;0.092
251;0.09
251.5;0.094
252;0.09
252.5;0.09
253;0.092
253.5;0.094
254;0.09
254.5;0.094
255;0.092
255.5;0.094
256;0.092
256.5;0.094
257;0.092
257.5;0.094
258;0.092
258.5;0.092
259;0.092
259.5;0.096
260;0.092
260.5;0.094
261;0.092
261.5;0.096
262;0.092
262.5;0.094
263;0.096
263.5;0.096
264;0.092
264.5;0.096
265;0.092
265.5;0.098
266;0.092
266.5;0.094
267;0.094
267.5;0.096
268;0.094
268.5;0.096
269;0.096
269.5;0.096
270;0.092
270.5;0.092
271;0.094
271.5;0.094
272;0.092
272.5;0.092
273;0.092
273.5;0.094
274;0.09
274.5;0.092
275;0.092
275.5;0.096
276;0.09
276.5;0.094
277;0.092
277.5;0.094
278;0.09
278.5;0.09
279;0.088
279.5;0.09
280;0.088
280.5;0.09
281;0.088
281.5;0.09
282;0.086
282.5;0.086
283;0.084
283.5;0.086
284;0.084
284.5;0.086
285;0.084
285.5;0.086
286;0.08
286.5;0.08
287;0.082
287.5;0.082
288;0.078
288.5;0.08
289;0.078
289.5;0.078
290;0.076
290.5;0.076
291;0.074
291.5;0.076
292;0.072
292.5;0.072
293;0.072
293.5;0.074
294;0.07
294.5;0.072
295;0.068
295.5;0.07
296;0.066
296.5;0.066
297;0.066
297.5;0.068
298;0.062
298.5;0.062
299;0.064
299.5;0.066
300;0.06
300.5;0.06
301;0.06
301.5;0.062
302;0.054
302.5;0.058
303;0.058
303.5;0.058
304;0.056
304.5;0.058
305;0.058
305.5;0.06
306;0.054
306.5;0.054
307;0.056
307.5;0.056
308;0.052
308.5;0.054
309;0.054
309.5;0.056
310;0.052
310.5;0.054
311;0.056
311.5;0.056
312;0.052
312.5;0.056
313;0.054
313.5;0.056
314;0.054
314.5;0.054
315;0.056
315.5;0.06
316;0.054
316.5;0.056
317;0.058
317.5;0.06
318;0.054
318.5;0.058
319;0.058
319.5;0.062
320;0.058
320.5;0.062
321;0.062
321.5;0.064
322;0.06
322.5;0.064
323;0.066
323.5;0.068
324;0.064
324.5;0.068
325;0.068
325.5;0.07
326;0.066
326.5;0.07
327;0.074
327.5;0.074
328;0.07
328.5;0.074
329;0.074
329.5;0.078
330;0.074
330.5;0.074
331;0.076
331.5;0.082
332;0.074
332.5;0.076
333;0.08
333.5;0.084
334;0.08
334.5;0.082
335;0.084
335.5;0.086
336;0.084
336.5;0.086
337;0.086
337.5;0.09
338;0.086
338.5;0.088
339;0.09
339.5;0.092
340;0.088
340.5;0.092
341;0.092
341.5;0.096
342;0.092
342.5;0.094
343;0.098
343.5;0.098
344;0.096
344.5;0.098
345;0.098
345.5;0.104
346;0.098
346.5;0.104
347;0.1
347.5;0.104
348;0.1
348.5;0.102
349;0.102
349.5;0.108
350;0.1
350.5;0.108
351;0.104
351.5;0.108
352;0.104
352.5;0.108
353;0.108
353.5;0.112
354;0.108
354.5;0.112
355;0.112
355.5;0.114
356;0.11
356.5;0.114
357;0.114
357.5;0.118
358;0.112
358.5;0.116
359;0.116
359.5;0.12
360;0.116
360.5;0.12
361;0.118
361.5;0.12
362;0.118
362.5;0.12
363;0.12
363.5;0.124
364;0.12
364.5;0.124
365;0.122
365.5;0.124
366;0.122
366.5;0.124
367;0.126
367.5;0.128
368;0.124
368.5;0.126
369;0.128
369.5;0.132
370;0.128
370.5;0.128
371;0.13
371.5;0.134
372;0.128
372.5;0.132
373;0.132
373.5;0.136
374;0.132
374.5;0.136
375;0.134
375.5;0.136
376;0.132
376.5;0.134
377;0.136
377.5;0.138
378;0.136
378.5;0.138
379;0.138
379.5;0.142
380;0.138
380.5;0.142
381;0.142
381.5;0.142
382;0.14
382.5;0.142
383;0.144
383.5;0.144
384;0.142
384.5;0.142
385;0.146
385.5;0.148
386;0.144
386.5;0.146
387;0.146
387.5;0.148
388;0.144
388.5;0.148
389;0.146
389.5;0.15
390;0.146
390.5;0.15
391;0.148
391.5;0.154
392;0.148
392.5;0.152
393;0.15
393.5;0.156
394;0.15
394.5;0.156
395;0.154
395.5;0.156
396;0.154
396.5;0.156
397;0.158
397.5;0.16
398;0.156
398.5;0.158
399;0.158
399.5;0.16
400;0.158
400.5;0.16
401;0.16
401.5;0.164
402;0.16
402.5;0.164
403;0.162
403.5;0.164
404;0.162
404.5;0.164
405;0.166
405.5;0.168
406;0.162
406.5;0.166
407;0.166
407.5;0.168
408;0.166
408.5;0.168
409;0.168
409.5;0.172
410;0.166
410.5;0.17
411;0.168
411.5;0.174
412;0.168
412.5;0.172
413;0.17
413.5;0.174
414;0.17
414.5;0.172
415;0.172
415.5;0.174
416;0.172
416.5;0.174
417;0.174
417.5;0.178
418;0.174
418.5;0.176
419;0.178
419.5;0.178
420;0.176
420.5;0.178
421;0.178
421.5;0.18
422;0.178
422.5;0.18
423;0.182
423.5;0.182
424;0.178
424.5;0.182
425;0.182
425.5;0.184
426;0.182
426.5;0.184
427;0.184
427.5;0.186
428;0.182
428.5;0.186
429;0.184
429.5;0.186
430;0.184
430.5;0.186
431;0.184
431.5;0.188
432;0.184
432.5;0.188
433;0.186
433.5;0.188
434;0.186
434.5;0.188
435;0.188
435.5;0.19
436;0.188
436.5;0.188
437;0.188
437.5;0.192
438;0.188
438.5;0.19
439;0.19
439.5;0.192
440;0.19
440.5;0.19
441;0.19
441.5;0.194
442;0.19
442.5;0.192
443;0.192
443.5;0.194
444;0.192
444.5;0.194
445;0.194
445.5;0.194
446;0.19
446.5;0.192
447;0.194
447.5;0.196
448;0.192
448.5;0.196
449;0.194
449.5;0.196
450;0.194
450.5;0.194
451;0.194
451.5;0.196
452;0.194
452.5;0.194
453;0.196
453.5;0.196
454;0.194
454.5;0.196
455;0.196
455.5;0.196
456;0.194
456.5;0.194
457;0.194
457.5;0.196
458;0.194
458.5;0.196
459;0.194
459.5;0.196
460;0.194
460.5;0.194
461;0.194
461.5;0.196
462;0.194
462.5;0.194
463;0.192
463.5;0.194
464;0.192
464.5;0.194
465;0.194
465.5;0.196
466;0.192
466.5;0.192
467;0.194
467.5;0.194
468;0.192
468.5;0.192
469;0.192
469.5;0.194
470;0.188
470.5;0.192
471;0.19
471.5;0.192
472;0.188
472.5;0.19
473;0.19
473.5;0.19
474;0.186
474.5;0.188
475;0.186
475.5;0.188
476;0.186
476.5;0.186
477;0.184
477.5;0.188
478;0.182
478.5;0.182
479;0.182
479.5;0.186
480;0.182
480.5;0.182
481;0.178
481.5;0.182
482;0.176
482.5;0.178
483;0.178
483.5;0.178
484;0.174
484.5;0.176
485;0.176
485.5;0.176
486;0.17
486.5;0.17
487;0.17
487.5;0.17
488;0.168
488.5;0.168
489;0.168
489.5;0.168
490;0.162
490.5;0.162
491;0.162
491.5;0.164
492;0.156
492.5;0.156
493;0.158
493.5;0.158
494;0.15
494.5;0.154
495;0.152
495.5;0.152
496;0.146
496.5;0.148
497;0.146
497.5;0.146
498;0.14
498.5;0.14
499;0.138
499.5;0.14
500;0.132
500.5;0.132
501;0.132
501.5;0.132
502;0.124
502.5;0.126
503;0.124
503.5;0.124
504;0.116
504.5;0.116
505;0.116
505.5;0.116
506;0.106
506.5;0.106
507;0.106
507.5;0.106
508;0.096
508.5;0.096
509;0.096
509.5;0.096
510;0.086
510.5;0.086
511;0.084
511.5;0.084
512;0.074
512.5;0.078
513;0.074
513.5;0.076
514;0.066
514.5;0.066
515;0.064
515.5;0.064
516;0.056
516.5;0.056
517;0.056
517.5;0.056
518;0.046
518.5;0.048
519;0.046
519.5;0.05
520;0.038
520.5;0.038
521;0.04
521.5;0.04
522;0.032
522.5;0.032
523;0.034
523.5;0.034
524;0.028
524.5;0.03
525;0.026
525.5;0.028
526;0.024
526.5;0.024
527;0.024
527.5;0.024
528;0.02
528.5;0.02
529;0.02
529.5;0.02
530;0.018
530.5;0.018
531;0.016
531.5;0.018
532;0.014
532.5;0.014
533;0.014
533.5;0.016
534;0.012
534.5;0.012
535;0.012
535.5;0.014
536;0.01
536.5;0.012
537;0.01
537.5;0.012
538;0.008
538.5;0.008
539;0.01
539.5;0.012
540;0.008
540.5;0.008
541;0.008
541.5;0.01
542;0.008
542.5;0.01
543;0.008
543.5;0.01
544;0.006
544.5;0.01
545;0.006
545.5;0.008
546;0.006
546.5;0.006
547;0.008
547.5;0.008
548;0.004
548.5;0.006
549;0.004
549.5;0.006
550;0.004
550.5;0.006
551;0.004
551.5;0.006
552;0.004
552.5;0.006
553;0.004
553.5;0.006
554;0.004
554.5;0.004
555;0.004
555.5;0.006
556;0.002
556.5;0.004
557;0.006
557.5;0.006
558;0.004
558.5;0.004
559;0.002
559.5;0.004
560;0.002
560.5;0.002
561;0.004
561.5;0.004
562;0.002
562.5;0.002
563;0.004
563.5;0.004
564;0.002
564.5;0.002
565;0.004
565.5;0.006
566;0.002
566.5;0.002
567;0.002
567.5;0.004
568;0
568.5;0.004
569;0.002
569.5;0.002
570;0
570.5;0.002
571;0.002
571.5;0.006
572;0
572.5;0
573;0.004
573.5;0.004
574;0
574.5;0.002
575;0.002
575.5;0.004
576;0
576.5;0
577;0.002
577.5;0.006
578;0
578.5;0.006
579;0.002
579.5;0.004
580;0
580.5;0.002
581;0.002
581.5;0.002
582;-0.002
582.5;0.002
583;0
583.5;0.002
584;0
584.5;0.002
585;0.002
585.5;0.002
586;0
586.5;0.002
587;0.002
587.5;0.002
588;0
588.5;0
589;0.002
589.5;0.004
590;0
590.5;0
591;0.002
591.5;0.002
592;0
592.5;0
593;0.002
593.5;0.002
594;0
594.5;0.002
595;0
595.5;0.002
596;-0.002
596.5;0.002
597;0.002
597.5;0.002
598;0
598.5;0.002
599;0.002
599.5;0.002
600;-0.002
600.5;0
601;0.002
601.5;0.004
602;0
602.5;0
603;0.002
603.5;0.004
604;0
604.5;0.004
605;0.002
605.5;0.004
606;0
606.5;0.004
607;0
607.5;0.002
608;-0.002
608.5;0.002
609;0.002
609.5;0.004
610;0
610.5;0.002
611;0.002
611.5;0.004
612;0
612.5;0
613;0.004
613.5;0.004
614;0.002
614.5;0.004
615;0.002
615.5;0.006
616;0
616.5;0.006
617;0.002
617.5;0.006
618;0
618.5;0.002
619;0.004
619.5;0.006
620;0.002
620.5;0.002
621;0.004
621.5;0.004
622;0.002
622.5;0.002
623;0.004
623.5;0.004
624;0.002
624.5;0.004
625;0.002
625.5;0.004
626;0
626.5;0.004
627;0.004
627.5;0.006
628;0
628.5;0.006
629;0.006
629.5;0.006
630;0.002
630.5;0.004
631;0.004
631.5;0.006
632;0.004
632.5;0.006
633;0.004
633.5;0.008
634;0.004
634.5;0.006
635;0.006
635.5;0.008
636;0.006
636.5;0.008
637;0.006
637.5;0.008
638;0.004
638.5;0.008
639;0.008
639.5;0.01
640;0.008
640.5;0.01
641;0.008
641.5;0.012
642;0.008
642.5;0.01
643;0.01
643.5;0.014
644;0.01
644.5;0.012
645;0.012
645.5;0.016
646;0.012
646.5;0.016
647;0.016
647.5;0.018
648;0.014
648.5;0.018
649;0.02
649.5;0.022
650;0.018
650.5;0.022
651;0.02
651.5;0.028
652;0.02
652.5;0.028
653;0.03
653.5;0.036
654;0.028
654.5;0.036
655;0.034
655.5;0.042
656;0.034
656.5;0.042
657;0.044
657.5;0.05
658;0.044
658.5;0.05
659;0.048
659.5;0.058
660;0.048
660.5;0.058
661;0.06
661.5;0.068
662;0.06
662.5;0.068
663;0.07
663.5;0.078
664;0.07
664.5;0.076
665;0.078
665.5;0.088
666;0.078
666.5;0.088
667;0.09
667.5;0.098
668;0.088
668.5;0.094
669;0.098
669.5;0.104
670;0.098
670.5;0.104
671;0.106
671.5;0.114
672;0.106
672.5;0.114
673;0.114
673.5;0.12
674;0.114
674.5;0.12
675;0.12
675.5;0.128
676;0.12
676.5;0.128
677;0.13
677.5;0.136
678;0.13
678.5;0.136
679;0.136
679.5;0.142
680;0.136
680.5;0.142
681;0.144
681.5;0.15
682;0.144
682.5;0.148
683;0.15
683.5;0.154
684;0.148
684.5;0.152
685;0.156
685.5;0.162
686;0.156
686.5;0.162
687;0.162
687.5;0.166
688;0.162
688.5;0.166
689;0.164
689.5;0.17
690;0.164
690.5;0.17
691;0.172
691.5;0.176
692;0.172
692.5;0.176
693;0.178
693.5;0.18
694;0.176
694.5;0.18
695;0.182
695.5;0.188
696;0.182
696.5;0.186
697;0.186
697.5;0.192
698;0.186
698.5;0.192
699;0.19
699.5;0.196
700;0.19
700.5;0.196
701;0.194
701.5;0.2
702;0.194
702.5;0.2
703;0.202
703.5;0.204
704;0.2
704.5;0.204
705;0.206
705.5;0.21
706;0.204
706.5;0.206
707;0.208
707.5;0.214
708;0.208
708.5;0.214
709;0.214
709.5;0.22
710;0.214
710.5;0.22
711;0.218
711.5;0.222
712;0.218
712.5;0.222
713;0.222
713.5;0.228
714;0.222
714.5;0.224
715;0.228
715.5;0.232
716;0.226
716.5;0.23
717;0.23
717.5;0.236
718;0.23
718.5;0.234
719;0.234
719.5;0.24
720;0.234
720.5;0.24
721;0.24
721.5;0.244
722;0.238
722.5;0.242
723;0.244
723.5;0.246
724;0.242
724.5;0.246
725;0.248
725.5;0.256
726;0.248
726.5;0.25
727;0.252
727.5;0.254
728;0.252
728.5;0.252
729;0.254
729.5;0.258
730;0.254
730.5;0.258
731;0.26
731.5;0.264
732;0.26
732.5;0.264
733;0.262
733.5;0.266
734;0.262
734.5;0.266
735;0.266
735.5;0.27
736;0.266
736.5;0.27
737;0.27
737.5;0.274
738;0.268
738.5;0.274
739;0.276
739.5;0.28
740;0.274
740.5;0.28
741;0.278
741.5;0.282
742;0.278
742.5;0.282
743;0.282
743.5;0.286
744;0.282
744.5;0.286
745;0.288
745.5;0.29
746;0.286
746.5;0.29
747;0.29
747.5;0.296
748;0.29
748.5;0.294
749;0.296
749.5;0.298
750;0.294
750.5;0.298
751;0.298
751.5;0.302
752;0.298
752.5;0.302
753;0.302
753.5;0.306
754;0.3
754.5;0.306
755;0.304
755.5;0.308
756;0.304
756.5;0.308
757;0.308
757.5;0.31
758;0.306
758.5;0.308
759;0.308
759.5;0.308
760;0.306
760.5;0.306
761;0.306
761.5;0.308
762;0.304
762.5;0.306
763;0.308
763.5;0.308
764;0.306
764.5;0.308
765;0.308
765.5;0.308
766;0.306
766.5;0.306
