# Oscilloscope file ./20160704_130545.bin
# Channel 2
Time / s;Voltage / V
0;0.086
0.5;0.088
1;0.088
1.5;0.088
2;0.086
2.5;0.088
3;0.088
3.5;0.088
4;0.086
4.5;0.088
5;0.088
5.5;0.088
6;0.086
6.5;0.088
7;0.088
7.5;0.09
8;0.084
8.5;0.086
9;0.086
9.5;0.088
10;0.086
10.5;0.088
11;0.088
11.5;0.088
12;0.086
12.5;0.086
13;0.088
13.5;0.09
14;0.086
14.5;0.088
15;0.088
15.5;0.09
16;0.086
16.5;0.088
17;0.088
17.5;0.09
18;0.086
18.5;0.088
19;0.088
19.5;0.09
20;0.088
20.5;0.088
21;0.09
21.5;0.09
22;0.088
22.5;0.09
23;0.088
23.5;0.09
24;0.088
24.5;0.088
25;0.088
25.5;0.09
26;0.088
26.5;0.088
27;0.088
27.5;0.09
28;0.088
28.5;0.09
29;0.088
29.5;0.09
30;0.088
30.5;0.088
31;0.088
31.5;0.09
32;0.088
32.5;0.09
33;0.09
33.5;0.09
34;0.088
34.5;0.09
35;0.09
35.5;0.09
36;0.088
36.5;0.088
37;0.09
37.5;0.09
38;0.088
38.5;0.09
39;0.088
39.5;0.09
40;0.088
40.5;0.09
41;0.088
41.5;0.092
42;0.088
42.5;0.088
43;0.09
43.5;0.09
44;0.088
44.5;0.088
45;0.09
45.5;0.092
46;0.086
46.5;0.088
47;0.09
47.5;0.09
48;0.088
48.5;0.088
49;0.088
49.5;0.092
50;0.088
50.5;0.088
51;0.088
51.5;0.092
52;0.088
52.5;0.088
53;0.09
53.5;0.09
54;0.088
54.5;0.09
55;0.09
55.5;0.09
56;0.086
56.5;0.09
57;0.088
57.5;0.09
58;0.086
58.5;0.088
59;0.088
59.5;0.09
60;0.088
60.5;0.088
61;0.088
61.5;0.09
62;0.086
62.5;0.09
63;0.088
63.5;0.09
64;0.086
64.5;0.086
65;0.088
65.5;0.09
66;0.086
66.5;0.088
67;0.088
67.5;0.09
68;0.088
68.5;0.088
69;0.088
69.5;0.088
70;0.086
70.5;0.086
71;0.088
71.5;0.088
72;0.084
72.5;0.088
73;0.086
73.5;0.088
74;0.086
74.5;0.088
75;0.088
75.5;0.09
76;0.086
76.5;0.088
77;0.086
77.5;0.088
78;0.086
78.5;0.086
79;0.088
79.5;0.088
80;0.086
80.5;0.086
81;0.086
81.5;0.088
82;0.086
82.5;0.088
83;0.088
83.5;0.088
84;0.084
84.5;0.086
85;0.086
85.5;0.088
86;0.084
86.5;0.086
87;0.088
87.5;0.088
88;0.084
88.5;0.086
89;0.088
89.5;0.088
90;0.084
90.5;0.086
91;0.086
91.5;0.09
92;0.084
92.5;0.086
93;0.086
93.5;0.086
94;0.084
94.5;0.086
95;0.084
95.5;0.088
96;0.084
96.5;0.086
97;0.086
97.5;0.086
98;0.084
98.5;0.086
99;0.084
99.5;0.088
100;0.084
100.5;0.086
101;0.086
101.5;0.086
102;0.084
102.5;0.084
103;0.084
103.5;0.086
104;0.082
104.5;0.082
105;0.084
105.5;0.086
106;0.084
106.5;0.084
107;0.084
107.5;0.086
108;0.082
108.5;0.086
109;0.084
109.5;0.084
110;0.082
110.5;0.084
111;0.086
111.5;0.086
112;0.082
112.5;0.084
113;0.084
113.5;0.084
114;0.082
114.5;0.082
115;0.084
115.5;0.084
116;0.08
116.5;0.084
117;0.086
117.5;0.086
118;0.082
118.5;0.082
119;0.08
119.5;0.084
120;0.08
120.5;0.082
121;0.084
121.5;0.084
122;0.08
122.5;0.08
123;0.084
123.5;0.084
124;0.08
124.5;0.082
125;0.084
125.5;0.084
126;0.08
126.5;0.08
127;0.082
127.5;0.086
128;0.08
128.5;0.086
129;0.082
129.5;0.084
130;0.078
130.5;0.08
131;0.08
131.5;0.084
132;0.078
132.5;0.082
133;0.08
133.5;0.082
134;0.078
134.5;0.082
135;0.08
135.5;0.082
136;0.08
136.5;0.082
137;0.082
137.5;0.082
138;0.08
138.5;0.08
139;0.08
139.5;0.082
140;0.078
140.5;0.078
141;0.08
141.5;0.082
142;0.078
142.5;0.082
143;0.08
143.5;0.082
144;0.078
144.5;0.08
145;0.082
145.5;0.084
146;0.078
146.5;0.082
147;0.082
147.5;0.082
148;0.08
148.5;0.08
149;0.08
149.5;0.082
150;0.078
150.5;0.08
151;0.08
151.5;0.084
152;0.08
152.5;0.08
153;0.082
153.5;0.084
154;0.08
154.5;0.08
155;0.082
155.5;0.084
156;0.08
156.5;0.082
157;0.082
157.5;0.084
158;0.082
158.5;0.082
159;0.08
159.5;0.084
160;0.08
160.5;0.082
161;0.082
161.5;0.084
162;0.08
162.5;0.082
163;0.082
163.5;0.084
164;0.082
164.5;0.082
165;0.082
165.5;0.084
166;0.082
166.5;0.082
167;0.082
167.5;0.082
168;0.08
168.5;0.082
169;0.08
169.5;0.082
170;0.08
170.5;0.08
171;0.082
171.5;0.082
172;0.08
172.5;0.08
173;0.08
173.5;0.08
174;0.076
174.5;0.08
175;0.078
175.5;0.08
176;0.076
176.5;0.076
177;0.076
177.5;0.082
178;0.076
178.5;0.078
179;0.078
179.5;0.08
180;0.074
180.5;0.076
181;0.076
181.5;0.08
182;0.074
182.5;0.078
183;0.076
183.5;0.078
184;0.074
184.5;0.076
185;0.076
185.5;0.078
186;0.074
186.5;0.074
187;0.076
187.5;0.076
188;0.072
188.5;0.074
189;0.074
189.5;0.078
190;0.074
190.5;0.076
191;0.074
191.5;0.076
192;0.074
192.5;0.076
193;0.076
193.5;0.078
194;0.07
194.5;0.078
195;0.078
195.5;0.08
196;0.076
196.5;0.078
197;0.078
197.5;0.08
198;0.078
198.5;0.078
199;0.078
199.5;0.082
200;0.078
200.5;0.082
201;0.08
201.5;0.082
202;0.078
202.5;0.082
203;0.082
203.5;0.088
204;0.082
204.5;0.084
205;0.082
205.5;0.086
206;0.082
206.5;0.086
207;0.084
207.5;0.086
208;0.084
208.5;0.086
209;0.086
209.5;0.088
210;0.084
210.5;0.088
211;0.088
211.5;0.09
212;0.086
212.5;0.088
213;0.086
213.5;0.09
214;0.086
214.5;0.088
215;0.09
215.5;0.092
216;0.088
216.5;0.09
217;0.088
217.5;0.092
218;0.088
218.5;0.09
219;0.094
219.5;0.094
220;0.09
220.5;0.092
221;0.094
221.5;0.096
222;0.09
222.5;0.092
223;0.092
223.5;0.094
224;0.092
224.5;0.092
225;0.094
225.5;0.094
226;0.092
226.5;0.094
227;0.094
227.5;0.096
228;0.092
228.5;0.092
229;0.094
229.5;0.096
230;0.094
230.5;0.096
231;0.096
231.5;0.096
232;0.092
232.5;0.094
233;0.094
233.5;0.096
234;0.092
234.5;0.092
235;0.094
235.5;0.096
236;0.092
236.5;0.092
237;0.092
237.5;0.094
238;0.092
238.5;0.092
239;0.092
239.5;0.092
240;0.09
240.5;0.092
241;0.09
241.5;0.09
242;0.086
242.5;0.09
243;0.088
243.5;0.09
244;0.086
244.5;0.086
245;0.088
245.5;0.088
246;0.082
246.5;0.082
247;0.084
247.5;0.084
248;0.08
248.5;0.08
249;0.082
249.5;0.082
250;0.076
250.5;0.076
251;0.078
251.5;0.078
252;0.072
252.5;0.074
253;0.074
253.5;0.074
254;0.068
254.5;0.068
255;0.068
255.5;0.07
256;0.062
256.5;0.062
257;0.062
257.5;0.062
258;0.056
258.5;0.058
259;0.056
259.5;0.058
260;0.05
260.5;0.05
261;0.052
261.5;0.052
262;0.046
262.5;0.048
263;0.046
263.5;0.046
264;0.04
264.5;0.04
265;0.038
265.5;0.04
266;0.034
266.5;0.034
267;0.034
267.5;0.034
268;0.032
268.5;0.034
269;0.032
269.5;0.034
270;0.026
270.5;0.026
271;0.026
271.5;0.03
272;0.026
272.5;0.026
273;0.022
273.5;0.028
274;0.022
274.5;0.024
275;0.024
275.5;0.026
276;0.024
276.5;0.024
277;0.026
277.5;0.026
278;0.022
278.5;0.026
279;0.022
279.5;0.026
280;0.022
280.5;0.024
281;0.026
281.5;0.028
282;0.024
282.5;0.026
283;0.03
283.5;0.032
284;0.028
284.5;0.028
285;0.032
285.5;0.034
286;0.03
286.5;0.032
287;0.034
287.5;0.04
288;0.034
288.5;0.04
289;0.038
289.5;0.044
290;0.038
290.5;0.044
291;0.044
291.5;0.05
292;0.044
292.5;0.05
293;0.05
293.5;0.056
294;0.05
294.5;0.056
295;0.056
295.5;0.06
296;0.056
296.5;0.06
297;0.06
297.5;0.066
298;0.06
298.5;0.066
299;0.068
299.5;0.07
300;0.066
300.5;0.07
301;0.07
301.5;0.076
302;0.07
302.5;0.074
303;0.076
303.5;0.082
304;0.074
304.5;0.082
305;0.08
305.5;0.086
306;0.08
306.5;0.084
307;0.084
307.5;0.088
308;0.084
308.5;0.088
309;0.088
309.5;0.092
310;0.088
310.5;0.09
311;0.092
311.5;0.094
312;0.092
312.5;0.094
313;0.096
313.5;0.1
314;0.096
314.5;0.098
315;0.098
315.5;0.102
316;0.098
316.5;0.102
317;0.102
317.5;0.106
318;0.102
318.5;0.106
319;0.106
319.5;0.11
320;0.104
320.5;0.108
321;0.11
321.5;0.11
322;0.108
322.5;0.11
323;0.112
323.5;0.114
324;0.11
324.5;0.112
325;0.112
325.5;0.116
326;0.112
326.5;0.116
327;0.118
327.5;0.12
328;0.116
328.5;0.118
329;0.12
329.5;0.124
330;0.118
330.5;0.122
331;0.122
331.5;0.126
332;0.122
332.5;0.122
333;0.124
333.5;0.128
334;0.124
334.5;0.126
335;0.126
335.5;0.13
336;0.126
336.5;0.13
337;0.13
337.5;0.132
338;0.128
338.5;0.132
339;0.132
339.5;0.134
340;0.13
340.5;0.134
341;0.136
341.5;0.136
342;0.134
342.5;0.136
343;0.134
343.5;0.14
344;0.134
344.5;0.138
345;0.138
345.5;0.142
346;0.138
346.5;0.14
347;0.142
347.5;0.144
348;0.14
348.5;0.144
349;0.144
349.5;0.146
350;0.144
350.5;0.144
351;0.146
351.5;0.148
352;0.144
352.5;0.148
353;0.146
353.5;0.152
354;0.146
354.5;0.15
355;0.15
355.5;0.154
356;0.148
356.5;0.154
357;0.152
357.5;0.156
358;0.152
358.5;0.156
359;0.156
359.5;0.158
360;0.156
360.5;0.158
361;0.156
361.5;0.16
362;0.156
362.5;0.16
363;0.158
363.5;0.162
364;0.158
364.5;0.16
365;0.162
365.5;0.164
366;0.16
366.5;0.164
367;0.164
367.5;0.166
368;0.162
368.5;0.166
369;0.166
369.5;0.168
370;0.164
370.5;0.168
371;0.168
371.5;0.17
372;0.166
372.5;0.17
373;0.17
373.5;0.172
374;0.17
374.5;0.172
375;0.172
375.5;0.176
376;0.172
376.5;0.176
377;0.176
377.5;0.176
378;0.172
378.5;0.176
379;0.176
379.5;0.178
380;0.174
380.5;0.178
381;0.178
381.5;0.18
382;0.178
382.5;0.18
383;0.18
383.5;0.182
384;0.18
384.5;0.182
385;0.182
385.5;0.184
386;0.182
386.5;0.184
387;0.184
387.5;0.186
388;0.182
388.5;0.186
389;0.184
389.5;0.188
390;0.184
390.5;0.188
391;0.186
391.5;0.188
392;0.186
392.5;0.186
393;0.19
393.5;0.192
394;0.188
394.5;0.19
395;0.19
395.5;0.192
396;0.19
396.5;0.192
397;0.19
397.5;0.194
398;0.19
398.5;0.192
399;0.194
399.5;0.196
400;0.192
400.5;0.194
401;0.196
401.5;0.198
402;0.194
402.5;0.196
403;0.194
403.5;0.198
404;0.194
404.5;0.196
405;0.196
405.5;0.198
406;0.196
406.5;0.196
407;0.198
407.5;0.2
408;0.198
408.5;0.198
409;0.198
409.5;0.2
410;0.198
410.5;0.198
411;0.2
411.5;0.202
412;0.198
412.5;0.2
413;0.2
413.5;0.204
414;0.2
414.5;0.202
415;0.2
415.5;0.204
416;0.2
416.5;0.204
417;0.202
417.5;0.204
418;0.2
418.5;0.204
419;0.202
419.5;0.204
420;0.2
420.5;0.204
421;0.204
421.5;0.204
422;0.2
422.5;0.202
423;0.202
423.5;0.204
424;0.2
424.5;0.2
425;0.202
425.5;0.204
426;0.2
426.5;0.202
427;0.202
427.5;0.204
428;0.2
428.5;0.2
429;0.202
429.5;0.202
430;0.2
430.5;0.202
431;0.202
431.5;0.202
432;0.2
432.5;0.2
433;0.2
433.5;0.2
434;0.198
434.5;0.198
435;0.198
435.5;0.2
436;0.196
436.5;0.196
437;0.194
437.5;0.198
438;0.194
438.5;0.194
439;0.194
439.5;0.196
440;0.192
440.5;0.194
441;0.192
441.5;0.194
442;0.188
442.5;0.192
443;0.19
443.5;0.19
444;0.186
444.5;0.186
445;0.186
445.5;0.188
446;0.184
446.5;0.184
447;0.184
447.5;0.184
448;0.178
448.5;0.18
449;0.18
449.5;0.18
450;0.172
450.5;0.172
451;0.176
451.5;0.176
452;0.168
452.5;0.17
453;0.17
453.5;0.17
454;0.162
454.5;0.162
455;0.162
455.5;0.162
456;0.154
456.5;0.154
457;0.154
457.5;0.156
458;0.148
458.5;0.148
459;0.148
459.5;0.148
460;0.138
460.5;0.14
461;0.138
461.5;0.138
462;0.128
462.5;0.13
463;0.126
463.5;0.126
464;0.116
464.5;0.116
465;0.116
465.5;0.116
466;0.104
466.5;0.104
467;0.102
467.5;0.102
468;0.09
468.5;0.09
469;0.09
469.5;0.09
470;0.076
470.5;0.076
471;0.074
471.5;0.074
472;0.064
472.5;0.064
473;0.06
473.5;0.06
474;0.05
474.5;0.052
475;0.05
475.5;0.05
476;0.038
476.5;0.038
477;0.038
477.5;0.038
478;0.03
478.5;0.03
479;0.028
479.5;0.028
480;0.024
480.5;0.024
481;0.022
481.5;0.022
482;0.018
482.5;0.018
483;0.02
483.5;0.02
484;0.014
484.5;0.014
485;0.014
485.5;0.014
486;0.01
486.5;0.012
487;0.012
487.5;0.012
488;0.008
488.5;0.008
489;0.01
489.5;0.01
490;0.008
490.5;0.008
491;0.008
491.5;0.01
492;0.006
492.5;0.006
493;0.006
493.5;0.008
494;0.002
494.5;0.002
495;0.006
495.5;0.008
496;0.004
496.5;0.006
497;0.006
497.5;0.006
498;0.002
498.5;0.004
499;0.004
499.5;0.008
500;0.002
500.5;0.006
501;0.004
501.5;0.004
502;0.002
502.5;0.002
503;0.002
503.5;0.004
504;0.002
504.5;0.002
505;0.002
505.5;0.004
506;0
506.5;0.002
507;0.002
507.5;0.004
508;0
508.5;0.002
509;0
509.5;0.004
510;0
510.5;0
511;0.004
511.5;0.004
512;0
512.5;0
513;0.002
513.5;0.002
514;-0.002
514.5;0.002
515;0
515.5;0.002
516;0
516.5;0.002
517;0
517.5;0.002
518;0
518.5;0
519;-0.002
519.5;0.004
520;-0.002
520.5;0.002
521;0
521.5;0.004
522;0
522.5;0.002
523;0.002
523.5;0.004
524;0
524.5;0.002
525;0.002
525.5;0.004
526;0
526.5;0.004
527;0.002
527.5;0.004
528;0
528.5;0.002
529;0.002
529.5;0.002
530;-0.002
530.5;0.002
531;0.002
531.5;0.002
532;0
532.5;0.002
533;0.002
533.5;0.004
534;0
534.5;0
535;0.002
535.5;0.004
536;0
536.5;0.002
537;0.002
537.5;0.002
538;0
538.5;0
539;0.002
539.5;0.004
540;0
540.5;0.002
541;0.002
541.5;0.004
542;0.002
542.5;0.002
543;0
543.5;0.004
544;0
544.5;0.002
545;0.004
545.5;0.004
546;0.002
546.5;0.002
547;0.002
547.5;0.004
548;0.002
548.5;0.002
549;0.002
549.5;0.004
550;0.002
550.5;0.004
551;0.002
551.5;0.004
552;-0.002
552.5;0
553;0.002
553.5;0.002
554;0
554.5;0.002
555;0.004
555.5;0.004
556;0
556.5;0
557;0.002
557.5;0.004
558;0
558.5;0.004
559;0
559.5;0.004
560;-0.002
560.5;0.002
561;0.002
561.5;0.006
562;0
562.5;0.002
563;0.002
563.5;0.004
564;0
564.5;0
565;0.002
565.5;0.004
566;0
566.5;0.004
567;0.002
567.5;0.002
568;0
568.5;0
569;0
569.5;0.204
570;-0.002
570.5;0.09
571;0.086
571.5;0.09
572;0.086
572.5;0.086
573;0.086
573.5;0.088
574;0.086
574.5;0.086
575;0.086
575.5;0.086
576;0.086
576.5;0.086
577;0.086
577.5;0.09
578;0.084
578.5;0.086
579;0.084
579.5;0.088
580;0.084
580.5;0.088
581;0.086
581.5;0.088
582;0.086
582.5;0.088
583;0.088
583.5;0.09
584;0.086
584.5;0.09
585;0.088
585.5;0.09
586;0.088
586.5;0.088
587;0.088
587.5;0.09
588;0.088
588.5;0.088
589;0.09
589.5;0.09
590;0.088
590.5;0.09
591;0.088
591.5;0.094
592;0.088
592.5;0.088
593;0.088
593.5;0.09
594;0.088
594.5;0.09
595;0.09
595.5;0.09
596;0.088
596.5;0.088
597;0.088
597.5;0.09
598;0.088
598.5;0.088
599;0.09
599.5;0.09
600;0.086
600.5;0.086
601;0.088
601.5;0.09
602;0.086
602.5;0.086
603;0.088
603.5;0.09
604;0.086
604.5;0.088
605;0.088
605.5;0.09
606;0.086
606.5;0.088
607;0.088
607.5;0.09
608;0.086
608.5;0.09
609;0.088
609.5;0.09
610;0.086
610.5;0.088
611;0.086
611.5;0.09
612;0.086
612.5;0.088
613;0.086
613.5;0.09
614;0.086
614.5;0.086
615;0.084
615.5;0.088
616;0.084
616.5;0.086
617;0.084
617.5;0.088
618;0.084
618.5;0.086
619;0.088
619.5;0.088
620;0.086
620.5;0.088
621;0.086
621.5;0.088
622;0.086
622.5;0.088
623;0.088
623.5;0.09
624;0.086
624.5;0.088
625;0.088
625.5;0.09
626;0.086
626.5;0.09
627;0.088
627.5;0.09
628;0.086
628.5;0.088
629;0.088
629.5;0.09
630;0.088
630.5;0.088
631;0.088
631.5;0.09
632;0.088
632.5;0.088
633;0.088
633.5;0.09
634;0.088
634.5;0.088
635;0.088
635.5;0.092
636;0.088
636.5;0.088
637;0.09
637.5;0.09
638;0.088
638.5;0.09
639;0.09
639.5;0.092
640;0.088
640.5;0.092
641;0.09
641.5;0.092
642;0.088
642.5;0.092
643;0.092
643.5;0.092
644;0.088
644.5;0.09
645;0.092
645.5;0.092
646;0.088
646.5;0.088
647;0.09
647.5;0.092
648;0.088
648.5;0.092
649;0.09
649.5;0.094
650;0.088
650.5;0.088
651;0.09
651.5;0.09
652;0.086
652.5;0.09
653;0.09
653.5;0.09
654;0.088
654.5;0.09
655;0.09
655.5;0.092
656;0.088
656.5;0.09
657;0.09
657.5;0.09
658;0.088
658.5;0.088
659;0.088
659.5;0.09
660;0.086
660.5;0.09
661;0.09
661.5;0.09
662;0.088
662.5;0.088
663;0.088
663.5;0.09
664;0.088
664.5;0.088
665;0.086
665.5;0.088
666;0.086
666.5;0.088
667;0.086
667.5;0.088
668;0.086
668.5;0.086
669;0.088
669.5;0.088
670;0.086
670.5;0.086
