# Oscilloscope file ./20160704_122135.bin
# Channel 1
Time / s;Voltage / V
0;5.2
0.5;5.2
1;5.2
1.5;5.24
2;5.2
2.5;5.2
3;5.2
3.5;5.2
4;5.2
4.5;5.2
5;5.2
5.5;5.24
6;5.2
6.5;5.24
7;5.2
7.5;5.24
8;5.16
8.5;5.2
9;5.2
9.5;5.24
10;5.2
10.5;5.2
11;5.2
11.5;5.24
12;5.2
12.5;5.2
13;5.2
13.5;5.24
14;5.2
14.5;5.2
15;5.2
15.5;5.24
16;5.2
16.5;5.2
17;5.2
17.5;5.2
18;5.16
18.5;5.16
19;5.2
19.5;5.24
20;5.2
20.5;5.24
21;5.2
21.5;5.24
22;5.2
22.5;5.24
23;5.2
23.5;5.24
24;5.2
24.5;5.2
25;5.2
25.5;5.24
26;5.2
26.5;5.2
27;5.2
27.5;5.2
28;5.2
28.5;5.2
29;5.2
29.5;5.2
30;5.2
30.5;5.2
31;5.2
31.5;5.2
32;5.2
32.5;5.2
33;5.2
33.5;5.24
34;5.16
34.5;5.2
35;5.24
35.5;5.24
36;5.2
36.5;5.2
37;5.24
37.5;5.24
38;5.2
38.5;5.2
39;5.2
39.5;5.24
40;5.2
40.5;5.2
41;5.2
41.5;5.24
42;5.2
42.5;5.2
43;5.24
43.5;5.24
44;5.2
44.5;5.24
45;5.2
45.5;5.2
46;5.2
46.5;5.2
47;5.2
47.5;5.2
48;5.2
48.5;5.2
49;5.2
49.5;5.2
50;5.16
50.5;5.2
51;5.2
51.5;5.2
52;5.2
52.5;5.2
53;5.2
53.5;5.2
54;5.16
54.5;5.16
55;5.2
55.5;5.2
56;5.16
56.5;5.16
57;5.16
57.5;5.2
58;5.12
58.5;5.16
59;5.16
59.5;5.16
60;5.12
60.5;5.12
61;5.12
61.5;5.16
62;5.12
62.5;5.12
63;5.12
63.5;5.16
64;5.12
64.5;5.12
65;5.12
65.5;5.12
66;5.08
66.5;5.12
67;5.12
67.5;5.12
68;5.08
68.5;5.08
69;5.08
69.5;5.08
70;5.04
70.5;5.08
71;5.04
71.5;5.08
72;5.04
72.5;5.04
73;5.08
73.5;5.08
74;5.04
74.5;5.04
75;5.04
75.5;5.04
76;5.04
76.5;5.04
77;5.04
77.5;5.04
78;5
78.5;5
79;5.04
79.5;5.04
80;4.96
80.5;5
81;5
81.5;5
82;4.96
82.5;5
83;5
83.5;5
84;4.96
84.5;4.96
85;4.96
85.5;5
86;4.96
86.5;4.96
87;4.96
87.5;4.96
88;4.96
88.5;4.96
89;4.96
89.5;4.96
90;4.92
90.5;4.92
91;4.96
91.5;4.96
92;4.92
92.5;4.92
93;4.92
93.5;4.92
94;4.92
94.5;4.92
95;4.92
95.5;4.92
96;4.88
96.5;4.88
97;4.88
97.5;4.88
98;4.84
98.5;4.88
99;4.88
99.5;4.88
100;4.84
100.5;4.88
101;4.84
101.5;4.88
102;4.84
102.5;4.84
103;4.84
103.5;4.84
104;4.8
104.5;4.84
105;4.84
105.5;4.84
106;4.8
106.5;4.84
107;4.8
107.5;4.84
108;4.8
108.5;4.8
109;4.8
109.5;4.8
110;4.76
110.5;4.76
111;4.76
111.5;4.8
112;4.76
112.5;4.76
113;4.76
113.5;4.8
114;4.72
114.5;4.76
115;4.76
115.5;4.76
116;4.72
116.5;4.72
117;4.76
117.5;4.76
118;4.72
118.5;4.72
119;4.72
119.5;4.76
120;4.68
120.5;4.72
121;4.68
121.5;4.72
122;4.68
122.5;4.68
123;4.72
123.5;4.72
124;4.68
124.5;4.68
125;4.68
125.5;4.72
126;4.64
126.5;4.68
127;4.64
127.5;4.68
128;4.64
128.5;4.68
129;4.68
129.5;4.68
130;4.64
130.5;4.64
131;4.64
131.5;4.64
132;4.6
132.5;4.64
133;4.64
133.5;4.64
134;4.6
134.5;4.6
135;4.64
135.5;4.64
136;4.6
136.5;4.6
137;4.6
137.5;4.6
138;4.56
138.5;4.6
139;4.56
139.5;4.6
140;4.56
140.5;4.56
141;4.56
141.5;4.6
142;4.56
142.5;4.56
143;4.56
143.5;4.56
144;4.52
144.5;4.52
145;4.56
145.5;4.56
146;4.52
146.5;4.52
147;4.52
147.5;4.52
148;4.52
148.5;4.52
149;4.52
149.5;4.52
150;4.48
150.5;4.52
151;4.48
151.5;4.52
152;4.48
152.5;4.48
153;4.48
153.5;4.48
154;4.44
154.5;4.44
155;4.44
155.5;4.48
156;4.44
156.5;4.44
157;4.44
157.5;4.44
158;4.4
158.5;4.44
159;4.44
159.5;4.44
160;4.4
160.5;4.44
161;4.4
161.5;4.44
162;4.4
162.5;4.4
163;4.4
163.5;4.44
164;4.4
164.5;4.4
165;4.4
165.5;4.4
166;4.36
166.5;4.4
167;4.4
167.5;4.4
168;4.36
168.5;4.36
169;4.36
169.5;4.36
170;4.36
170.5;4.36
171;4.36
171.5;4.36
172;4.32
172.5;4.32
173;4.36
173.5;4.36
174;4.32
174.5;4.36
175;4.32
175.5;4.32
176;4.32
176.5;4.32
177;4.28
177.5;4.32
178;4.28
178.5;4.28
179;4.28
179.5;4.32
180;4.24
180.5;4.28
181;4.28
181.5;4.28
182;4.24
182.5;4.28
183;4.28
183.5;4.28
184;4.24
184.5;4.28
185;4.28
185.5;4.28
186;4.24
186.5;4.24
187;4.2
187.5;4.24
188;4.2
188.5;4.24
189;4.24
189.5;4.24
190;4.2
190.5;4.24
191;4.2
191.5;4.2
192;4.2
192.5;4.2
193;4.2
193.5;4.2
194;4.16
194.5;4.16
195;4.2
195.5;4.2
196;4.16
196.5;4.16
197;4.16
197.5;4.2
198;4.12
198.5;4.12
199;4.16
199.5;4.16
200;4.12
200.5;4.12
201;4.12
201.5;4.16
202;4.12
202.5;4.12
203;4.12
203.5;4.12
204;4.08
204.5;4.08
205;4.08
205.5;4.12
206;4.08
206.5;4.08
207;4.08
207.5;4.08
208;4.08
208.5;4.08
209;4.08
209.5;4.08
210;4.04
210.5;4.08
211;4.08
211.5;4.08
212;4.04
212.5;4.08
213;4.04
213.5;4.04
214;4
214.5;4.04
215;4.04
215.5;4.04
216;4
216.5;4
217;4
217.5;4.04
218;4
218.5;4
219;4
219.5;4
220;3.96
220.5;4
221;3.96
221.5;4
222;3.92
222.5;4
223;3.96
223.5;4
224;3.96
224.5;3.96
225;3.96
225.5;4
226;3.96
226.5;3.96
227;3.92
227.5;3.96
228;3.92
228.5;3.92
229;3.92
229.5;3.92
230;3.92
230.5;3.92
231;3.92
231.5;3.92
232;3.88
232.5;3.92
233;3.92
233.5;3.92
234;3.88
234.5;3.88
235;3.88
235.5;3.88
236;3.88
236.5;3.88
237;3.88
237.5;3.88
238;3.84
238.5;3.88
239;3.84
239.5;3.88
240;3.84
240.5;3.88
241;3.8
241.5;3.88
242;3.8
242.5;3.84
243;3.84
243.5;3.84
244;3.8
244.5;3.84
245;3.8
245.5;3.8
246;3.76
246.5;3.8
247;3.8
247.5;3.8
248;3.76
248.5;3.76
249;3.76
249.5;3.8
250;3.76
250.5;3.8
251;3.76
251.5;3.76
252;3.72
252.5;3.76
253;3.76
253.5;3.76
254;3.72
254.5;3.76
255;3.76
255.5;3.76
256;3.72
256.5;3.76
257;3.72
257.5;3.76
258;3.72
258.5;3.72
259;3.68
259.5;3.72
260;3.68
260.5;3.72
261;3.72
261.5;3.72
262;3.68
262.5;3.68
263;3.72
263.5;3.72
264;3.68
264.5;3.68
265;3.68
265.5;3.68
266;3.64
266.5;3.64
267;3.68
267.5;3.68
268;3.64
268.5;3.64
269;3.64
269.5;3.68
270;3.6
270.5;3.6
271;3.6
271.5;3.64
272;3.6
272.5;3.6
273;3.64
273.5;3.64
274;3.6
274.5;3.6
275;3.6
275.5;3.6
276;3.56
276.5;3.6
277;3.56
277.5;3.6
278;3.56
278.5;3.56
279;3.6
279.5;3.6
280;3.56
280.5;3.56
281;3.56
281.5;3.56
282;3.52
282.5;3.56
283;3.52
283.5;3.56
284;3.52
284.5;3.52
285;3.52
285.5;3.56
286;3.52
286.5;3.52
287;3.52
287.5;3.56
288;3.48
288.5;3.52
289;3.48
289.5;3.52
290;3.48
290.5;3.48
291;3.48
291.5;3.48
292;3.48
292.5;3.48
293;3.48
293.5;3.48
294;3.44
294.5;3.44
295;3.44
295.5;3.48
296;3.44
296.5;3.44
297;3.44
297.5;3.44
298;3.44
298.5;3.44
299;3.44
299.5;3.44
300;3.4
300.5;3.4
301;3.4
301.5;3.44
302;3.4
302.5;3.4
303;3.4
303.5;3.4
304;3.4
304.5;3.4
305;3.36
305.5;3.4
306;3.36
306.5;3.36
307;3.36
307.5;3.4
308;3.32
308.5;3.36
309;3.36
309.5;3.36
310;3.32
310.5;3.36
311;3.32
311.5;3.36
312;3.32
312.5;3.32
313;3.36
313.5;3.36
314;3.28
314.5;3.28
315;3.32
315.5;3.32
316;3.28
316.5;3.32
317;3.32
317.5;3.32
318;3.24
318.5;3.28
319;3.28
319.5;3.28
320;3.24
320.5;3.28
321;3.28
321.5;3.28
322;3.24
322.5;3.28
323;3.24
323.5;3.28
324;3.24
324.5;3.24
325;3.24
325.5;3.28
326;3.24
326.5;3.24
327;3.24
327.5;3.24
328;3.2
328.5;3.2
329;3.2
329.5;3.2
330;3.2
330.5;3.2
331;3.2
331.5;3.2
332;3.16
332.5;3.16
333;3.2
333.5;3.2
334;3.16
334.5;3.16
335;3.16
335.5;3.2
336;3.16
336.5;3.16
337;3.16
337.5;3.16
338;3.12
338.5;3.12
339;3.12
339.5;3.16
340;3.12
340.5;3.12
341;3.12
341.5;3.12
342;3.08
342.5;3.08
343;3.12
343.5;3.12
344;3.08
344.5;3.08
345;3.08
345.5;3.12
346;3.08
346.5;3.08
347;3.08
347.5;3.08
348;3.04
348.5;3.04
349;3.08
349.5;3.08
350;3.04
350.5;3.04
351;3.08
351.5;3.08
352;3.04
352.5;3.04
353;3.04
353.5;3.04
354;3
354.5;3.04
355;3.04
355.5;3.04
356;3
356.5;3
357;3
357.5;3
358;3
358.5;3
359;3
359.5;3
360;2.96
360.5;2.96
361;3
361.5;3
362;2.96
362.5;2.96
363;3
363.5;3
364;2.96
364.5;2.96
365;2.96
365.5;2.96
366;2.92
366.5;2.92
367;2.92
367.5;2.96
368;2.92
368.5;2.92
369;2.92
369.5;2.96
370;2.88
370.5;2.92
371;2.88
371.5;2.92
372;2.88
372.5;2.88
373;2.88
373.5;2.92
374;2.88
374.5;2.88
375;2.88
375.5;2.88
376;2.84
376.5;2.88
377;2.88
377.5;2.88
378;2.8
378.5;2.84
379;2.84
379.5;2.88
380;2.84
380.5;2.88
381;2.84
381.5;2.84
382;2.8
382.5;2.8
383;2.84
383.5;2.84
384;2.8
384.5;2.8
385;2.8
385.5;2.8
386;2.8
386.5;2.8
387;2.76
387.5;2.8
388;2.76
388.5;2.8
389;2.76
389.5;2.8
390;2.76
390.5;2.76
391;2.76
391.5;2.76
392;2.72
392.5;2.76
393;2.76
393.5;2.76
394;2.72
394.5;2.72
395;2.72
395.5;2.76
396;2.72
396.5;2.72
397;2.72
397.5;2.72
398;2.68
398.5;2.72
399;2.72
399.5;2.72
400;2.68
400.5;2.68
401;2.68
401.5;2.68
402;2.64
402.5;2.64
403;2.68
403.5;2.68
404;2.64
404.5;2.64
405;2.64
405.5;2.68
406;2.64
406.5;2.64
407;2.64
407.5;2.68
408;2.64
408.5;2.64
409;2.64
409.5;2.64
410;2.6
410.5;2.64
411;2.64
411.5;2.64
412;2.6
412.5;2.6
413;2.6
413.5;2.6
414;2.56
414.5;2.6
415;2.6
415.5;2.6
416;2.56
416.5;2.6
417;2.56
417.5;2.6
418;2.56
418.5;2.56
419;2.56
419.5;2.56
420;2.56
420.5;2.56
421;2.52
421.5;2.56
422;2.52
422.5;2.52
423;2.52
423.5;2.52
424;2.48
424.5;2.48
425;2.52
425.5;2.52
426;2.48
426.5;2.52
427;2.52
427.5;2.52
428;2.48
428.5;2.48
429;2.48
429.5;2.48
430;2.48
430.5;2.48
431;2.48
431.5;2.48
432;2.44
432.5;2.44
433;2.44
433.5;2.44
434;2.44
434.5;2.44
435;2.44
435.5;2.44
436;2.4
436.5;2.44
437;2.4
437.5;2.44
438;2.4
438.5;2.44
439;2.4
439.5;2.44
440;2.4
440.5;2.4
441;2.4
441.5;2.4
442;2.36
442.5;2.36
443;2.4
443.5;2.4
444;2.36
444.5;2.36
445;2.36
445.5;2.36
446;2.36
446.5;2.36
447;2.36
447.5;2.36
448;2.32
448.5;2.32
449;2.36
449.5;2.36
450;2.32
450.5;2.32
451;2.32
451.5;2.36
452;2.32
452.5;2.32
453;2.32
453.5;2.32
454;2.28
454.5;2.32
455;2.32
455.5;2.32
456;2.28
456.5;2.28
457;2.28
457.5;2.28
458;2.28
458.5;2.28
459;2.28
459.5;2.28
460;2.24
460.5;2.24
461;2.24
461.5;2.28
462;2.24
462.5;2.28
463;2.24
463.5;2.24
464;2.2
464.5;2.24
465;2.2
465.5;2.24
466;2.2
466.5;2.2
467;2.2
467.5;2.24
468;2.16
468.5;2.16
469;2.2
469.5;2.2
470;2.16
470.5;2.16
471;2.16
471.5;2.2
472;2.12
472.5;2.12
473;2.16
473.5;2.16
474;2.12
474.5;2.12
475;2.16
475.5;2.16
476;2.12
476.5;2.16
477;2.16
477.5;2.16
478;2.12
478.5;2.12
479;2.12
479.5;2.16
480;2.12
480.5;2.12
481;2.12
481.5;2.12
482;2.08
482.5;2.12
483;2.08
483.5;2.12
484;2.08
484.5;2.08
485;2.08
485.5;2.08
486;2.04
486.5;2.08
487;2.04
487.5;2.08
488;2.04
488.5;2.04
489;2.04
489.5;2.04
490;2.04
490.5;2.04
491;2.04
491.5;2.04
492;2
492.5;2.04
493;2.04
493.5;2.04
494;2
494.5;2
495;2
495.5;2.04
496;2
496.5;2
497;2
497.5;2
498;1.96
498.5;1.96
499;1.96
499.5;2
500;1.96
500.5;1.96
501;1.96
501.5;1.96
502;1.96
502.5;1.96
503;1.96
503.5;1.96
504;1.92
504.5;1.96
505;1.96
505.5;1.96
506;1.92
506.5;1.92
507;1.92
507.5;1.92
508;1.92
508.5;1.92
509;1.92
509.5;1.92
510;1.88
510.5;1.92
511;1.88
511.5;1.92
512;1.88
512.5;1.88
513;1.88
513.5;1.88
514;1.84
514.5;1.88
515;1.84
515.5;1.88
516;1.84
516.5;1.84
517;1.88
517.5;1.88
518;1.8
518.5;1.84
519;1.84
519.5;1.84
520;1.8
520.5;1.8
521;1.84
521.5;1.84
522;1.8
522.5;1.8
523;1.8
523.5;1.8
524;1.76
524.5;1.8
525;1.8
525.5;1.8
526;1.76
526.5;1.8
527;1.76
527.5;1.76
528;1.76
528.5;1.76
529;1.76
529.5;1.76
530;1.76
530.5;1.76
531;1.76
531.5;1.76
532;1.72
532.5;1.72
533;1.72
533.5;1.76
534;1.72
534.5;1.72
535;1.72
535.5;1.72
536;1.68
536.5;1.68
537;1.68
537.5;1.72
538;1.68
538.5;1.68
539;1.68
539.5;1.68
540;1.68
540.5;1.68
541;1.68
541.5;1.68
542;1.68
542.5;1.68
543;1.64
543.5;1.68
544;1.64
544.5;1.64
545;1.64
545.5;1.68
546;1.64
546.5;1.64
547;1.64
547.5;1.64
548;1.6
548.5;1.6
549;1.6
549.5;1.64
550;1.6
550.5;1.6
551;1.6
551.5;1.6
552;1.56
552.5;1.6
553;1.6
553.5;1.6
554;1.56
554.5;1.6
555;1.56
555.5;1.6
556;1.56
556.5;1.56
557;1.56
557.5;1.56
558;1.52
558.5;1.52
559;1.52
559.5;1.56
560;1.52
560.5;1.56
561;1.56
561.5;1.56
562;1.52
562.5;1.52
563;1.52
563.5;1.52
564;1.48
564.5;1.52
565;1.52
565.5;1.52
566;1.48
566.5;1.48
567;1.52
567.5;1.52
568;1.48
568.5;1.48
569;1.48
569.5;1.48
570;1.44
570.5;1.44
571;1.48
571.5;1.48
572;1.44
572.5;1.44
573;1.44
573.5;1.48
574;1.4
574.5;1.4
575;1.44
575.5;1.44
576;1.4
576.5;1.4
577;1.44
577.5;1.44
578;1.4
578.5;1.4
579;1.4
579.5;1.4
580;1.36
580.5;1.4
581;1.36
581.5;1.4
582;1.36
582.5;1.36
583;1.36
583.5;1.4
584;1.32
584.5;1.4
585;1.36
585.5;1.36
586;1.32
586.5;1.32
587;1.32
587.5;1.36
588;1.32
588.5;1.32
589;1.32
589.5;1.36
590;1.32
590.5;1.32
591;1.32
591.5;1.32
592;1.28
592.5;1.32
593;1.32
593.5;1.32
594;1.28
594.5;1.28
595;1.28
595.5;1.32
596;1.28
596.5;1.28
597;1.28
597.5;1.28
598;1.24
598.5;1.28
599;1.24
599.5;1.28
600;1.24
600.5;1.24
601;1.24
601.5;1.24
602;1.2
602.5;1.2
603;1.24
603.5;1.24
604;1.2
604.5;1.24
605;1.2
605.5;1.2
606;1.16
606.5;1.2
607;1.24
607.5;1.24
608;1.16
608.5;1.16
609;1.2
609.5;1.2
610;1.16
610.5;1.16
611;1.16
611.5;1.16
612;1.16
612.5;1.16
613;1.16
613.5;1.16
614;1.12
614.5;1.16
615;1.12
615.5;1.12
616;1.12
616.5;1.12
617;1.12
617.5;1.12
618;1.08
618.5;1.08
619;1.12
619.5;1.12
620;1.08
620.5;1.12
621;1.12
621.5;1.12
622;1.08
622.5;1.12
623;1.08
623.5;1.08
624;1.08
624.5;1.08
625;1.04
625.5;1.08
626;1.04
626.5;1.04
627;1.04
627.5;1.08
628;1.04
628.5;1.04
629;1.04
629.5;1.04
630;1
630.5;1.04
631;1
631.5;1.04
632;1
632.5;1
633;1
633.5;1.04
634;1
634.5;1
635;1
635.5;1
636;0.96
636.5;0.96
637;1
637.5;1
638;0.96
638.5;0.96
639;0.96
639.5;1
640;0.96
640.5;0.96
641;0.96
641.5;0.96
642;0.92
642.5;0.92
643;0.92
643.5;0.96
644;0.92
644.5;0.96
645;0.96
645.5;0.96
646;0.88
646.5;0.92
647;0.92
647.5;0.92
648;0.88
648.5;0.88
649;0.88
649.5;0.88
650;0.88
650.5;0.88
651;0.88
651.5;0.88
652;0.88
652.5;0.88
653;0.88
653.5;0.88
654;0.84
654.5;0.84
655;0.84
655.5;0.84
656;0.8
656.5;0.8
657;0.84
657.5;0.84
658;0.8
658.5;0.84
659;0.84
659.5;0.84
660;0.8
660.5;0.8
661;0.84
661.5;0.84
662;0.76
662.5;0.76
663;0.8
663.5;0.8
664;0.76
664.5;0.76
665;0.76
665.5;0.76
666;0.76
666.5;0.76
667;0.76
667.5;0.76
668;0.76
668.5;0.76
669;0.76
669.5;0.76
670;0.72
670.5;0.76
671;0.72
671.5;0.76
672;0.72
672.5;0.72
673;0.72
673.5;0.72
674;0.72
674.5;0.72
675;0.72
675.5;0.72
676;0.68
676.5;0.68
677;0.68
677.5;0.68
678;0.68
678.5;0.68
679;0.68
679.5;0.68
680;0.68
680.5;0.68
681;0.64
681.5;0.68
682;0.64
682.5;0.64
683;0.68
683.5;0.68
684;0.64
684.5;0.64
685;0.64
685.5;0.64
686;0.6
686.5;0.64
687;0.64
687.5;0.64
688;0.6
688.5;0.64
689;0.6
689.5;0.6
690;0.6
690.5;0.6
691;0.6
691.5;0.6
692;0.56
692.5;0.6
693;0.56
693.5;0.6
694;0.56
694.5;0.56
695;0.56
695.5;0.56
696;0.52
696.5;0.52
697;0.56
697.5;0.56
698;0.52
698.5;0.56
699;0.52
699.5;0.52
700;0.52
700.5;0.52
701;0.52
701.5;0.52
702;0.48
702.5;0.48
703;0.52
703.5;0.52
704;0.48
704.5;0.48
705;0.48
705.5;0.52
706;0.48
706.5;0.48
707;0.48
707.5;0.48
708;0.44
708.5;0.44
709;0.48
709.5;0.48
710;0.44
710.5;0.44
711;0.44
711.5;0.44
712;0.4
712.5;0.4
713;0.44
713.5;0.44
714;0.4
714.5;0.4
715;0.44
715.5;0.44
716;0.4
716.5;0.4
717;0.4
717.5;0.44
718;0.36
718.5;0.4
719;0.36
719.5;0.4
720;0.36
720.5;0.36
721;0.36
721.5;0.4
722;0.36
722.5;0.36
723;0.36
723.5;0.36
724;0.32
724.5;0.36
725;0.32
725.5;0.36
726;0.32
726.5;0.32
727;0.32
727.5;0.32
728;0.32
728.5;0.32
729;0.32
729.5;0.32
730;0.28
730.5;0.32
731;0.32
731.5;0.32
732;0.28
732.5;0.28
733;0.28
733.5;0.28
734;0.28
734.5;0.28
735;0.28
735.5;0.28
736;0.24
736.5;0.24
737;0.28
737.5;0.28
738;0.24
738.5;0.24
739;0.24
739.5;0.24
740;0.2
740.5;0.2
741;0.24
741.5;0.24
742;0.2
742.5;0.2
743;0.24
743.5;0.24
744;0.2
744.5;0.2
745;0.2
745.5;0.2
746;0.16
746.5;0.2
747;0.2
747.5;0.2
748;0.16
748.5;0.16
749;0.16
749.5;0.16
750;0.16
750.5;0.16
751;0.16
751.5;0.16
752;0.12
752.5;0.16
753;0.12
753.5;0.16
754;0.12
754.5;0.12
755;0.12
755.5;0.12
756;0.08
756.5;0.12
757;0.12
757.5;0.12
758;0.08
758.5;0.08
759;0.12
759.5;0.12
760;0.08
760.5;0.08
761;0.08
761.5;0.08
762;0.08
762.5;0.08
763;0.08
763.5;0.12
764;0.04
764.5;0.04
765;0.04
765.5;0.08
766;0.04
766.5;0.04
767;0.04
767.5;0.04
768;0
768.5;0.04
769;0.04
769.5;0.04
770;0
770.5;0
771;0
771.5;0.04
772;0
772.5;0.04
773;0
773.5;0
774;0
774.5;0
775;0.04
775.5;0.04
776;0
776.5;0
777;0
777.5;0.04
778;0
778.5;0
779;0
779.5;0
780;0
780.5;0
781;0
781.5;5.24
782;0
782.5;5.24
